1422 112222 12222222 222 Fam.

1165218211. ’12292 2111222 222222112122122222222, 22212 112222212, 122221 81211112, 212212 episcopo

122222112222221, 122212, 22 22222212222112222 222222 2212. - 12 1112221222, 22222222 212
mensis Maii.
2222222212122 (12221222222, 111. 120.
21. 11211. ’12292 11222222 (1222, 1112222, 22112222 1 2121222122 218212212111222211212 22222
22 (1222 111112. 121222 022 111 1111212222, 21 222 22222 1112221212 1122222 12122222 (12222
22 112. 11212221 1121222222212222 21122 22222 222122222212222122, 22 21 22 1112 22222

21112122221222 dem. - 122222122221211, 2221122212 2122212222 222.

1122222222, 02122221222222 2122211212 8262-65. 1121 111122, 112222 22 11121. 21
chr. 112 22 Fr. 12 11121 8. 323, 2222.

2211211. *12,300. 11222 (122222 221212212221222222,Τ222 82122222 22 Μ222211222122222

, 2122222112 1122122222 med 81212 22 22222122222 1 2121222122 ’21 2211222122 22221122222

1222212222 22211222. - 122212, 12222222 2221211122 122121. 1822221.)
(122121222 11222122 112212122122 V. 85.

2211221. ’12302 2222222222 22 11222 111122221112121221122222222122 2211222 1 11222222
222 21122 dem 211221 1122222222 1 22 2222222 21122 Lucas 1122222112, 1112122 1 1122222222.
- Μ2222222 222 22222 2222222 Exaudi. 1Ρ121122211

82122112, 212122221221222 112222222222211. 212-13.

21. 11212. ’12202 ,111222122222222211222 111 (1221211222 11. 222222222 122212211122122212222222,
22221212 111 222222211121122, 2222112 med 1122222 111 22222 22 Tropper3 222 22212122· 222
1122111216111222222122211222 1121222 1112221 22 22 1121122 21222 22221212 112222 22 2222-
22122 02122212222 222 2222 2111222222 1112222222. - Lyre, 1222 117. Μ22.

[1121222122. 1122222. 111.598--601.

2111221. ’12302 ’1222221222 21182222222111222222222122 12222 1 122222222212212, 2111121221

(12221 222 21222122 218122212 22 21222222 Nissen, 8211212222 1 8222222122, 2222 12221

1222222222112222222 22211222 81111212 2222222222 22122122222122. - lm dorp« 12222,
222 12122222 222 1122122. (1121122211

81222222, (1222212112 2 2222212222 2. 1121221-1122212 d. 1122222122222 822122212111
191-98.

221221. ·12,304. 11222 (122222 2222222 212112. ’1222212222222 22 2222 21 11122222222221
12212222112222 11222 1 2121222122 21 2122211 2221122 22 22 11222122 2222212222· 22211222.
- 8222212212, 12222222 2121 ((12 112212 222. (8222211

Ι (122121 222 11222122 1122212212211. 89-90.
211122. 112305. 11222 (1222222222222112. 22222 1122212222 222 2222211222 med 1122222
111 2211222122 1222212222 22211222, 2222 222122 21 12122 2222 0212222122 111 211222

2222112222 (1111221222 22221222112221122. - 8222122ίὸ, 12222222 2221122Ρ12212222. (svamm
(122121 222 11222122 1122222122 V. 90—91.

¹ 322211. ’12202 11222 (122222 22121221112222222222 22 22 1121 22222 2221222222 2112122
ham med 22222 Tjenere i 111222112111222122 1111122211 2221122, 22 221 er erraret, 2111222

22222211 211 2122 21222 2222 2121212112112122. - 8122112122, 111212222211122. (snm.)
(1221212122 11222122 1122222122 V. 92-93.

1. 1222211. ’122301 1222222121 22212 Francorum, 11112222 222222222212212112122) 52222212

122212 22222211 2222222212222112222 222222 22122, 222 quau 211222 212212221, 22 22221 12221221

22 eum missurum, 21 negotium inchoatum 22222121. - Formas, 212 prima mmm sunu,
2222222212. 122 (1222122221. 111. 139.

 

