, Kone 0001001000 000 110001. 1065

0011111100 000 0001Ιο111 111010 10110 01 1103011013100 03 11. 0010ιί010, Ιίῗιῗιυιιι.

00100103110111113, 010 0010000, 0001 0001010000101 301 111 001113
1 0111011103, 11111100 0010 00101000 3001100000. - 1110010 1000111030

ιῖξὲἱιῖἓωωωωω, 003. 0111101000 S. 99-100.

11000, 1010 103110 0111010010, 111010110ου00, 003001 00010 010, 00301, 10111101.
1011010101, 0011011001 00001, a magistratibus 0010 inique 11001001. -

10101, 010 111111. 10000011.
0101, 01010010101110111100 0. 08-09.

000110010001001 001, 0100010011 1110 11010100, 1110300110 11010100 21. 11111111.
00 1101011 11103. 1001000 01011, 0010010101 1000000, 0311103. 0100100
01 0000111010 80100100, 1 11003 011010110οη 110 11010 1000 11110010
0, 0100030010 00030 100, 01 000 03110 100 11010100, 0000010100100

110101011ου00 1100000 01010. -· (21. 10111 1010113001.)
1111011001. 0. 1000001. 0001003111. 8011100113, 00101010 u. 1000011003 11. 111.

00100 totto· til: 00001000 1110111000το 1000001011οη3 0111011000 11. 00101011.
300 010 0011 1101100οο010 00100 100 00030 111 11010, 001 00 1100111000
,· om 10110010 1000100, 001 1100010030 0013 03 001 101000 1 0001111113.

10000111 00011010.

0110, 0101000001001 01000013οη00 11. 152-50 00000110011010000, (1110101110
11. 151-00.

100 01111, 00010010001110000, 11101011001100301111011000 11. 03 11103000 01100000,
10 010000110100 01 0011010110 100 0011000000 0031 ,1001110110 0010011110
0031100300 0011 100 10100 01000 31000001 00. Alexander, 00301

0000111001 111 0100010110 1100001101. —- 24. 101100οΙ1.

10100, 00111101 00010110 Paul! 01100 S. 1110-60. 11000001, 0101001010 0110001011100
19-112. 0011001 0300103 1 1111 11111. 110001111111. 51-59.

110 01001001000110111011 110301 111 1100300 010000. 00000 00100000 06, sanun.
mod 1100000 80010003 110000 0010000001100100100. - 0010, 000-

sancti 1001000311.
010100. 1100103111. 185.

0001 01111100 0001 11111003 0110101100011, 111001 001 111003011000 0000010300 1, 11010,
0013010 0003000 11010 11001 010113, 03 0111000001 11010 111 0100101000
000 03 0011113010 0003000 111110000000000, - 01000103 00011 110111-

· ΡΙ 1 001.
01111. 113001 01010. 1 000000000001, 0000130 1110110. 0. 0. 1111030 0. 003ογ30300
111011 11. 1. 41, 1111. w. 1001. 101.

1110 00010100011101 00300110 0111003001 11111001 1811110100 11111003 010010,
1010013310οε 010 0001111100 110 0110111001, 0111000 00 mod 11010 310010
00111111 03 11011000 01 0000010010 013 00 001113 000000030100. -· 11111001,

1000010010 00010. · 111001.)
1, 00010 0311101 1110110. 110 03 1010 0101. 1. 6-9

1. 1119

 

