1720 Κ1111 (3111111111 111 Τ111111.

’ 1111513311· *14,688. 11113 1111111111 1111 8111111111 13 11111111 11111113111111111111 1111111111
11 1111111131 111111111111111 111, 11 11 111111111111111111111111111111111 111113111111111)

1 1111111113. - 6111111, 1111111131 nach palmarum. - (Tydsk.)
11111111-11111111, 1111111111111 (111111111111 1. 139,

1011111111· ’11681 1111111, (1111111111111111, 1111111111, 6111111111111113, 13 (1111111111
1111111, 1111111 11111 1111111111131131, 11111111 1111113 1111111111 11 Μ111111111113 13
111101111111111 11 1111111113 111 11 1111111111 1111111111, 11 1111111111 111 1111 dem bi 13

1111131 1111111 11111311111 11111111 1111111131 1111. -1111111311, 11111131 11111 1111111111.

¹ 1111111-11111111, 1111111111 111 (111111111111 1. 535-36. ,Τγᾱω

1011111111- ·14‚690. De kejserlige Gesandter‚ 1111111, 11111111111111111, (1111111111, 11111111
1111111113, 13 (1111111111 1111111111 (1111111111), 1111111111111111 111 ikke 11 1111111

1111113 1111111111, 1111111111111111111 111113111 11111111 111 [1111111111 11 1111111111 13

1113113111111111111111111111111111111. - 1111111119, 11111131111 1111111111. 111111.) ’
1111111. 13 1111, 1 111111, 11111111 11111 11113111 wullenwever 111. 119-10.

10111111· *14,691. De 1111111111 1111111111 1111111111 1111113 1111111111 af 111111111113
13 6111 1311111111111011111113 111, 111111Ν11111111111 111111 11111111 11 1111111111

01113111111 111 11111 [1111111113. - 1111111191, 11111131 11111 1111111111. (111111.)
1111111111111111,1111111111111 (1111111111 1. 137-31

1111111111. *14‚692. Η311113111,11113111 1111111111 1118111111 11111111 111111 11111311 11113

Christian. - 111111111111.
11111111 11131111 31111111 V. 297.

14. Α111111. *14‚693. 11113 (1111111111 1111 1111111 1111111311 [11111111 13 11111 1131111), 111
som 1111111111 111111 311 111 1111 1111111111131 13 11. 1. 1111111111 111111 om 111111

11111111 1111111111 13 111111. - 1111111,1113111113.

1111. 1 11111111-11111111, 111111111111111291-9411111302). 1111. 1118111111 1 ¹mel,
6111111111111 11. 71-76.

11. 1111111. ·14,694. 11113 1311111111111111111 1111111111 111111111111111111 om en 81111
111 11113111111111111113, 11111113 8011118111 111111120111113111. - 11111111, 1113111113.
1111111 11131111 11111111 V. 302-303.
1111111111· ’14,695. 111130111111111111.1111111181311133111111311111111111311116111.
-- 1111111, 1113111113.
1111. 1 1111111 11131111 11111111 V. 306 11111111 11111111113111 flammantem.
11111111·- ’14,696. 1111311111, 1111111 11111. 11111111 11111111 111111, athan har 11111111

Μ11111131111 (111111111111 11111111131, som AErkedegnen plejer at lade 111111 1111

111111. - 1111 1111111113, 1111111. .
1111. 1 111 1111111111, 8111111311 V. 571.

14. 1111111. ’14,691. 1111311111, 11111111111. 11111111 11111111, 1111111 111 11118131111111
111 Fur, 111 han 11111 11111111 113 1111113 13 111 13 11111111 13 1111 111111 011. -

1111 1111111113, 11. April.
1111111 1 1111111111. 8111111311 V. 571.

1111111111 Ι*14,698. 11113 (1111111111 1111 11111 1111 111 811111 111 11 stat 111 1111311111111

1111113, 11111113 40 111 Salv 1111111 20 11111111. -— 11111 Datum.
11111111 11131111 11111111 V. 30³. 8111131. 8104-301.

 

