11111111111. 1617

-—-—— —l—--— —- ——. . — -ι--ι-

111 1111113111 611111111111111111111111 1111111111 1111111 1 1111113 11111111·
Γ Andreas 1111111 Borg 13 111111 1111111 1111111111; 1111111111 og 1111-
1111 113 111 1111111, 1311111 111111 81111111111111111 111111 Ρ111111
1111 11111 1111111; 111111111111111111111111 8111111111] 111131 13
1111 om Hertug (1111111111 11113; 8111111111 11113311 11111 111 111

11111111, 8111113 1111111111 1113111111.
,1111 1111. 1 Waltz, 1111111 11111 1111311 111111111111 11. 328-80.

>en 1111113111 (1111111 11111 1111 1111111111 111111111111111111 11111113 11. 11111.
1111131 1111111 1111111111 111111181111111 111 811111 111 ’1131 1111111; ,
·eu vil 111111111111 5111 11111 11111111. -111111111111, 1111111111111111

11111 1111. 1 Waltz, 1111111 11111 1113111 111111111111 11, 330.

1113 1111111 111111111111111111111111311 11111 om den 111111, han 111 21. 1111.
11, 13 som 111111111111111311111111111 1411131, 11111111 11 10
1 11331 1 111111118111, 13 1111111111 111 111 11 11111211131111111 111
’11111111 med 11113111 om 111111111111311111111111111111.- 811111-

11 Μ13111111. . - (811111.) ,
11111111-11111111,1111111111111 611111111111 1. 112-13.

1. 111111111111111111111) 111111111111111311111111 11111111111113, 11 2111111.
nme 111 1111111131Μ111 med ham, 11611111101111111111) 1111111111111,

1 11111 1111111111. - 111111, 1111 111111 Μ13111111. (Ρ11111111.)
Ρ1111111-11111111,1111111111111 (1111111111 l. 111-15.

(1111 (1111111111 110111111111111311111 111111. 1111110111 111 1111111111- 21. 11111.

11. - [1111111111. 1111111 Μ1111Μ13111111 113.
Ρ111111·11111111,1111111111 111611111111111 1. 118-19.

1111111111111 1111111111 8111111 111111 11111111111 (1111111111111- 1111111.
11461 111 111 11111 6111111111 111 1111111 111 1111111113 111111. -

1111111. 13 1111 1 Waltz, 1111111111111113111 1111111111111, 296, 1Τ1111111.)

11111111 11111 1111111111 1131111111 8111111111 111 1111111111 111 Milan, 11111. ·
sende 1111111111 1111111111 om 011111311111 11 1111111111 111111, 1111111
11111111311111; 1 11111 ’1111111111 11111 111 1111111 Del 11 8111111111 11111

131.-111111111131111111111Μ11111111. (11111.) , ’
1111111111. 13 [111. 1 Waltz, 1111111 11111 1111311 11111111111111. 291. y

11111111111 13 11111 11111111 1111111113131 811111 5111111111 111 11 111111.
1 1111111111 13 11111111118111111 111 11 1111111 111 111111111111111.-

111 apostoli. (Plauydsk.)

11111, 1111311111-1111111111111 (1111111111 V. 111-55, , ⁴

1111113 (1111111111 1111111111113 Ernst 1111111113 111 1111 11111111111111, 16. 11111.
1 11111111 11 111111 [11113111 131111111111111111111111111 13 11111111111 ,
1111131111 1111 11111111111111111131 11111 1111; 111 111111111111111

111, 81111111 1111 111111.
11111 1111, 1 111111, 1111111 11111111311111111111111111. 806--1107,

11. Ι. 203

 

