1010 0001011001 011 11110111. 1237

10110110111131 1111110100 1 010101 101 100 011010 111010081001100, 03 1619.

30 110 10110100 00101100111011 0111 1 1100010100. - Vp 110111 01111101,

1 1000 00001011. 1110113111.)
0 1110130 10110110 11. 197-98. 011. Ι 000110 1030110 111. 339.

03 0011011111 11. 10103101 110 1000, 111. 110101010101011001001100110, 1010111
1101001010 111 010001030ηο 011103003 100 21. August. - 1111011.,

8111100, 01010 03 11101. 111 Chr. 110 03 11, 1.0 11101. 1. 1, 1010.
100001011110181001130 1010110103 010 0131110100 1010131100ρο1.- 1001710111,

10011011,100110100 0010 Μο1301. 1110111101.) ·
10110100, 0001010010 lv. 3138-09.

0101000100 01111111 1010101001101 1110111101 00113 0101011010 ΙΙ., 01 11. 10111.
11101101 110111 11000 00101103 010111011ου010οο 01 drage med 0100
3 10111110 111 111 001010 Summam 10 005010110001113 0110101000 111
0 003110 013 111, men tro ikke at 10000 10111010 1011003010 001 111

10 000300 10100100 ’111 00010110001100310 03 011101 1001 10101
1100001. - 10110111 10001 (0010101111, 101 00010300 101 1101310110.
1101, 010110110111011010010111101111011101. 1. 091-91. 001 511110, 0οξγέἒέοΙ

1, 110101111101100101, 11110 001001 0111.. 111018. 100, 00 01100, 00110 0011.
10101. 111, 1. S. 010.

011110 01011101 11003 0001011111 11. 03 001111111001100111 1 0100000010, 10.-10101
00 01001 100100 101 1111101010 011100 00011 03 000300 00 01001 ΜΟ· ΜΗ·
1, 1103301 1110110011ον0. -11011110101111, 000010 Μο131010 ......

111. 1 11101000, 0100001101ῃο 0101001011011111.018-19.

1010οη100 81111111 101 11100101ου1 310010301 1 8111110100 111 11003 1000110111.
0 0110101100103 110110 01100111 11001 0030110010 10301 111 1101001. 03

101 101 000013100000131 01 110110 1100131000 1 101100001001111010100

10113 1000001001010110100 0100010 11101. - (010011), 1000000000

ld. Nya 11111101 1111, 11010010 0010111100101. 1. 694...33Ι (Tydflk) Ι

111111. 01 1100111100 11010101 1101301000110 03 11001 1 1110011011 01011101οΙ0 001010.
001011 18,000 011100 1 101101 01 6101 som 111103 pau 01000103

e 0010010110, le 20. 11111101. (010001.)
1 1110001 1 11100101, 0101. 101 101111000 010 8. 66, 1001.

· 111 0001100000 1111111 1111100, 00110 0011. 1113010 11101 111. 1. S. 014. 0010111.

1100 01111111, 1111011100 1010110011101001000113, 0111011101 01000111- 02. 11111.
Philippus 111 01 101110 1111010101οο 101 101 01 11100 10 100113010

10000100. -201011, Ι (Latin.)

13 1111011 1111. 1 11110011, 0001130 11001010- 001 (1010100300011101110 S. 146.

·yrd 01 1101110 0101100011, 1011 11111100001103 10 00110 111001 001 0010111.
10110010οι0 010011οτ1 0001111103οῑ 1 10 3 011010 101. -11110111

00011 1000111 dag. 1101001011
,030 1010010 11. 1911-96. 01 11300010010101011110001131101113100 0110011000,
110131 100000, 111101, 03000110 110011, 01111110,8.191-95.

 

