Κο151155555ιιι nnn Fensnn. 1513

1530.

11151010155511135511155. 1111551503. iiiii. 208-12). 1115 51115 i 0551555155,Ιοιιιι- iulio.
5511111155-23. 051 15551. uniente Brev 1151551515155 05055 53555 1 055515
1311115191 (einer 15535515555551151515153. 115553 1530. 1151. 121. 1155151 155 05
553511115115501155151111 1155355, 5551 1511515013505 0511511551, 050551 00153 1 055
0515515 1155515153 1530 iol. 51] 53 1 scherling 53 5535151511, 1555153. 1105511. 1, 2.

1115101, 0551511135511155. 1111551503, Viii. 213-211. Pan 51115 105515505511555· iulio.
1515 ii. 1113-26. 5151515355 155 151111 scherling 53 1153551511, 15551531105515.
2. S. 58-59151155055 1151155115 1155515153).

1115101, 05515. 111355 1555. (11551503. viii. nnn-241. 15115.
551511535115 1. 34151155155355 1555555 1155515153, viburg 1530. noi. 0). suno,
5 1151515515 051515153 1530 151. 111-1111. ’ iuno.

5 5112. 155 S. 82. ,055 1151155515 1151515153 15301151. iij—iiiii. 055515 14535115 suno,
14 (5551151355 1555555 055515153. 1155131550. Foi. 031. 11115155, 055 055515 115-
5505555151. 11. 133

ι115115551511555151531530151111111-1115 05551511531515194-95151151151355 15115. ,
nene 1155515153. 1115553 1530. 151, 0. 31.

1110555155515151531530151. Mill-iiiiii. υ suno,
5151, 055 05551555155515115555151 11157-50. ⁸ sulio.

53 1155551115 0551, 5155150 055 10511555 Ηι. iehan 11551551, 51 5153510.
555515115 5151 515115 51115 5515 5555 5115110 5505515. - Kalendborq,

11515 0111 Petri 501155515.
5 1 05551511535115 111. 41.

11511 11555 0111155 1115151151 515 8113515155 11515 01115 515 5155 551515 8. iugum,
er, 51111. Vincentius 551155150555501051 111315, 51 555 515105 5515
gen, 53 15155 51 sende 5515 111151151515355 555551505355 i iijebenhevn.

1355 5111555 Petri 50 1155515.
51 815155555, 15151115-111151551515355 555 05 055515 115055 1. 200-202.

ι 511115 5555511555 55055 515 1151155115 sophie, 11515 1111155, 515 ikke 0. insutu·

150 111 05551511. - 1155511155, 55505355 51155 Petri 501155515.
051. 1 115051 8111155555, 155111501155151515355 om 05 1155515 11110551. 202.

155 Hine 11511 51 0515 1515113155 513 111 51155 11553 1115055115 050 5153555.
150 51 50115135 55355 55105155 115535151115535, men med iianmnrks
115135 055 111115535 5151 Νοι35, invem dei 055515 111351550 555 50-

115535. - 055 3. 553551.
051. i 1115155. 1105515. 4. 115115 111. 147.

13 1115511515 15 Brev til 155551150551555555501 555 55315 053515355 5153515.
1 [1155555515. - 1501555551, 1515053555 5551 551555 555511 Petri

i 1115155151. 8515115355 1. 405 53 10. 11151555, 11555555155015155111511551 11. 135.

15 15115555, 0151550555, 115355111 155 inne 115050511555 5151, 5155 4, Augusti.
111515 8511115555, 55515555015555 853551511 51 3115 5551 055 115515,

—- Haeloff, 1515053555 5111555 5. Ρ505555 053 50 1155515.
el Simoneen, Femiiie-Eiterreininger om 05 055515550511.102-203.

1. 190

 

 

