8· ¹⁰¹11· . *9669 (1111311111)111111111111111181111111111111111111111111111111111310111
1111111111, 1111111111111111111311, 13 lachim 1111111 11111111 1383111111 1111111 11 1111111

, 40011111. - 111 111111Ν311113111311, 111113.1111111111111111111111111 1111111.
2111111 1 1111. 1 0111111131111 1. 1111111 11. 290.

9, sum, 5470, Fani 11111111), icta balneariis· 111. 1503-1511 s, 7,.9,

9111111- *9670 8111111111111111 Svarsiriveise 111 AEvkebiskop Jacob ai Upsaia‚ 11111111
111111111111111191.8111101111111111111Β1111Ν1.’96661 1111111111111. 1., 111111111
11 ham lsnnede iiarle, 111111311111111111 [111 011111 13 1 111111131011111, 11111111118111
1111 1111 111111 11111111 dem i 11 1111 lige 1111111111 1111111131 Pori. - Ex 111111 1111111111,

ipsa 1111111 visitacionis 111111 virg. 3111. (311111.)
1111111. 1111. 811111. 11111111. 173-76.

11111 sisu. Η111111111 1111111111 1111111011 11111111 111111, 1111111111111 1 1111111111, 111
²⁰· '⁰¹¹¹' hvad 1111 1111 3111111111 11113111 hans 011111 om 11 111111111 1111111111 1111111111
11311111 1111111113 11331111 811111, 13111111 9111111311, han 1111111 psa hervei. -

1111111131, 11111 1131Μ1131111111131111. (Plattydsi.)
81111111, 01111111111111 1111111131111111.19-60.

1111111. *9612 111113Η11111 11111111 1111111 1111111 11 Bibe 11 1111111 200 111111. - 11

castro Uolsiniensi, 111112. prox. 3111111111ῑὶ.
1111 1 Divisio 1111311111 1. 1111111112θο

11. 11111. *96711 1111113 011111 111111110111 Brevis, 11113111 81111, 11 1111111 1001111113

111311 111111Η1111, 13131111 111111111111111111, 11111111,,111111111 11111. — 111111111111112. i

post Chanuti.
011. 1 11111111 11131111 4. 11111111. 290.

1111111. (ssu. 1111113 11111) 11111111 11111113 11111111 at 1111111 en Laest 81111111

11111111. - 11111111111113. 1111111111.
1111. 1 01111111311111 4. 1111111 11. 290.

1111111.Ι 9615. (111113 11111) 111111111111311111111 og 11111 1 81111 11 1111111 111 11111111

0111111111.
1111. 1 11111111 11131111 4. 1111111 11. 290.

111 iulii. *9673 (111113 11111) 11111111 0111 011111 1111111111 3 1111111 8111 111 ’131111111-

· 11111111, 111114. proxima post Chanuii regis.
Udi. 1 11111111 11131111 4. iiaekks 11. 290.

1111111. ’9611 11111113 1111111111 11 01111111 1111111111 1 1111111113 11 11111111 111131 over,

8111111111111111313111111111111, 11111 1111111113 111. - Hamus, 1111111111 ,

ψ

111113111111311111111111 vis 011111 1111111111 1111 11113111 111 1111111113, 1111111111 ’

11111111, Hinrick 11111111, 11111111131111111113111111111111111111131111 111111; 11111111
ikke 1111111 111 13111111] 1111 11111111 111111 1111111 1111111111, vii 11111 11111 1111111111

1111111111113111 13 andra. - 11111111, 111111111111111111111, 111111 111. (1111131111
8111111111, 011111111111111 111111113111111.16-17.

, 19. iulii. *9673 11111113 1111111111 11 (11111111 1111111111 111113 Hans om sine pas 111111
1111111111113 11111111111111111 13 11111111 med Landdagsn i Kiel 1111111111111111311
med Hensyn 111 111131111111113 11111 11111311 11 111- 13 1111111111 111 13 111 11111111
have 11 vaerei 1011111131 111 11 1111111 1111111 med 1111118111, 13 11 have 11111111 11 111·

 

