Κ111 Η1111. 1159

11111111 1111111131111131111 1131111131 111311111; 1111131 11111111 11111113 ¹33„
13 1111111113 11 1111 111 8113111111 Brev om 111. 11310110111111-

11111 111 1111111 apostoli. · (1111131111
11111111, [1111111111111111 1111111131111 11. 111-59.

,1111111 1011111 11111111 111 1111113111111111 3111 11 1111111311 mod 21. 11111.

1 0113111111. - 111 111111 Μ1111 Μ131111111. 1111113111.)
1111, 1113111111-1111111111111(11111111111 V. 116.

111113 111111) 11111111 8111131111 11 11111111 11 111111 1111 111 1113111111 1111111.

11131111, 111 1111111 31111. 31111 1111111.
111. 1011111 11131111 1. 1111111 11. 290.

11113 flans) 11111111 111111 1111111111 11 111111 111 11111111 11311 Μ111 13 11. 11111.
1 0111 1311311 1111, 1313311 1111111 1001111 1111111111 1311111111,

, 111111 die 1111111. .
111. 1 nanno 11131111 1. 11111111. 291.

11111 1111111111, 1111111311111 3111 1111111113, 111111 11131111111111111 2111111 ·
111 [11111111111311 om det 11111311111 1131111 1111131111 Fjender 3111
11 om slotsloven 3111 viburg 13 1111111111, 1111111111 David med 3 811111
111, 13 11 11 311110113111111 have 11111311 11311 011; 1111311101-

:e i 111111111-111111131, 11 1111111111111111 apostoli, 1111111. (811111.)
1111111111, 1131 1111111 1111 11111111 111111111111111. 1. 1125-27.

11113 Hans) tillader Viokman 11111111111 11 1111112131111131181111 11111111.

Iden Datum.
11. 1 1111111 11131111 1. 1111111 11. 291.

1111113 1111111111 1101111131 11111111111111111111111111 om sine 11111111111111 5. 1111110·
orgen-ne som 1111 1111111111 111 111 11 11111111131113111111111311
11113; 11 have luvet 111111111311111111 Frigivelse mod en 1111111111
11111 11113111 1111113111111111111111111113. - Gottorff, 11111131 nach

11111 111. ’ 1111131111
aldelin, sslplommrlum 111111113111111, 11.

1113 1111111 11111111 1111111 111111 11111111 11 1111111 100 0111. - 11 11131111.

11111 1111131111. 3111181111.
dt. 1 11111111 11131111 4. 1111111111. 291.

111113 1111111111 11 01111131 1111111311 1 1111111113 11111 1311111 111111 1211111111·
11 111113, 11 1111111 1111111113 111111111111 ham 1111111131, 11111 111
11131111111111113 med det er gjort og 1111311111111111111311111111
1111 1111111 1111111111, 111 11 han 111 11111111 11 1311111 8111111111,

ader en 111 1111111113. - 01111131, 111 1131 Clare virginis. (Plattydsk,)
11111111,Ι nlplomatarlum 111111113111111. 62.

111113 1111111111 1181111113 1311111111 1311111111 81311111 111 1110111111 1111111111·
111 111 1111111111 111 11 1111111 clement van der Wisch·‚ over 111111

111 11111110 har 1111111131, 111 110111 113 1, 11111 111 111111-01111131,
ginis. · 1111113111.)
1111111111 1. 1. 1111111. d. 1111113111. 8111111113111111111111111111311511-18.

 

