11111111111. 11119

11111111111111111111 111111 113 1111111111 0111111311, 1111113111 mmm

11113, 111 1111111111 1111111113 131111111311111111111.-1)1111113

1111113111. 13 1111 1 Waltz, 1111111 11111 1111311 111111111111 11. 1199-300, tudam)

11111111 (1111111111111 1111111111 Μο1111111111111111. flans, 111. 111111, 2111111,
, som 111 1111111111 1111 611101111111111, 11 111 ikke 11111 11111

1111 1111111113 111 (1111 (1111111111110111111113, men heder dem 11 11-

11 8111111111 111111 Μ11111111113, 11111 11111111111311 (3111111 11111111111

med (1111111111 1111111113 111,-11111111, 1. 011111 11111131 1131.
11111111-11111111, 1111131111 111 (11111111111 1. 124-26.

111111 (1111111111 11111 111. 11111, 111. 111111 13 11111 111111 om 11 2111111·
(1111111111 1111111111 111 11 svend, 111 111 11111 111 111111111113

inq, s. 011111 11111311131. Ι

1111111-11111111, 1111111111 111 6111111111 1. 126-21.

11113111 1111111 11 11111111 11111111 111 1111 11111111311, 111311 111 1111111.
111111111 111111 1111111111 111111111111111, 1111111111 11 111111 113111

111 1111113 Christian 1311111111, 11111111 11 Η1111311 111111111111113

13 1111111111 1111111 11111 Ρ1111113111; hvis 11111 11111 1111 111111,

111, 1181111111 13 11111111 1111111 11111 111131111111111111; 11111113
1311111111111111111111111. - 111111111131111111111. ’ (Tydeu.)
1111111111. 131111. 1 Waltz, 1111111 111111113111 111111111111 11. 311-12.

11111111 111111111111 111111111111111113 11111111 11111111111113 11111111 1111111,
gang i 1111111111 13 111 1111113 1111111111 111111111111111 11111111 13

111 11111131111111111111111 11111111. - 1111111, 1111 1111111111 111

(1111111111.)

1111111-11111111, 1111111111111 6111111111 1. 121-29.

1113 (111111 1111111111 1111 011111 13 111111 111111 111, 11 111 111 3111111,
111 111 111 1111111111 1113111111, 13 1111111 dem 11 mode de 11111111

1111 1Μ1111111]1.- camarae, 11111311 1111101111111111. 1811111.)
1111111-1111111, 1111111111111 1111111111111 1. 134.

1111111 1111111111111 1111111111 1111113 11111111 ’11 Μ1111111113 om de 31. Juln.
1 13 11111111 1111111111 [111111111111311 1131111111 11 1111111 sager· 13
1111111111 111 »1111131111 111 111111113111111111111111111 11131111,

1 1 1111111111, 11111111 13 11111111111111111111331111 511111. - 1113111311

1111131111
1111111-1111111, 1111111111111111111111111 !.130--31¹ ,

1111110111111111 13 1111111111 [1111111111 11111111 1111111113 111111311111111 31⁸ mm, ’
1311111 [111 111 1111113 111 1111311111, 11111111111111 have opstillet.

31 11111111. 1111111111.)
1111111-11111111, 1111131111 11111111111111 1. 131 ὰ32.

11111111 11111111, 1111111, 111111111111111113 1111111111Μ11111111113 111 31. sum,
,1 1111111111 11111111311 13 111 1113111311111111111 1 [11111111. -

1311 11 1111113. 1111113111)

Ρ111111·111“11111, 1111131111 111 61111111111 1. 132-33, nrum l A110n‚(;rarchrflflt0ff
und 11111111111111 S. 151. .

111*Δ

 

