1688 Kone 0444444444 44444 44444444.

24. 444ῗῖ3444· ’14390 1. 0144444444444 4444444144 caspar schweich, at 04443444 14444444

8444444444 44 under Vejs 114 0441443444 44 0444444, 44 914143444444 8444444444, 4144444444 0141344,
44444414344 Breve fra Kejseren 114 11344444444443 4141444, 43 4144 434444 8444444444 444
4144444444 144 0444444444, 44 044443 Christian ikke 444 4141441 dem 41 homme 144 1

0344444444. ·— 44444414, 444 4444443444404444144441. 4914143444.)
04144444-44414444,4414434444111 044441414444 l. 454-56.

23441414ῦῦ· ’44,391. 0444441411 444144414144444444114444414444444, 144444431444144444443441
4114444, 4444404441. 4. ingen 41 81444444 4 4413411114144 maa 4344444 44 444444 04444344

3344444444 04444444 43 0444444444 111344 andro 8144444444. - 0444 Datum. (0441434444
Waltz, 4414444 4444444 11443444 0411444444 411. 399-402,

’ 1444444841· ’14,392. 144443 0444444441414 44444 0444 141 04341413444444 1 8444444, 11404444,
0441143 43 444144 om den 8441 41014444 43 04444144, 44444 0134444441 1444 44411341. -—

4444, sancti 044144444441 apost. dag.
Banake 11434444 3.1444441. 242

24443444 ’1439314443 044444444411. 4444444 14443334444 ι 8414144 41 44444434 14443444

414441 144 1414- 1444, 4. 0404444441.
044. 4 0444444 11434444 3. naue V. 102

44. August! 14394 114443 0444444444 111. 31444 144443404341443444444 1118114434444 Hospita}
ved 81434 43 144 ’1444144444 43 1414443144 144 4341431104) pan 414444- 14444, ipso 414

0441444441 apost.
044. 1 0444444 11434444 3144444 V. 145.

24. Augusti. ’14394 04430444444441114 444144 0444 444 den 8441, 44444 31344444441444 44414344

ham, 4444113 80 444 8444 44 4444 20044444, 40 444 41 4444 20 03444344444. -4

0444 0414444.
0444414 11434414 31444444 1. 240-44.

’ 24. Augusti. ’14390 14443 0444444441414 444444 0444 444 4344444444444 444 444 8444, som

0134444444 444 44414341, 44444413 4 444 8444414444 044344. - 4444, 44444 043.
0444444 41434414 3144444 V. 254-55.

14443444. ’14394 814144144 144 den 44344444 41444441 1444444 044444, 44441 han 44414444
1144143444 41 04444444 0414341443 44 4344444444; 41 113314 41344, 4104444344 4441434141

44341444 84144 1 8444444. - 1144443443), then 24. 443 41 August. (84434144.)

0444444344 1444414, 1144444 444441443444 04144444444114444-46 43 14944444, 014
344444. 044444443444 1444441444 41411. 444 Marcus 14344 8. 46.

96, Qum 3346, Waltz, 1414444 444144 1443444 01404444444411. 440-43 ’13444 044. 1 Becker, 6433443443
444 1444444 81444 1144444 11. 92-94.

28. 4414440 ’14,998. 144443 1144444444 111. 441144444 4444414444 114. Karine 041444441144 144
1000 41444 444444, som 1414414344 14144144 444 4444444144 44444444 41443444 114 0344434 med. --

14344444444344444114, 440444443444 nest 431444 4. 0444444444θί 434444. 443.
041. 4 0444444 41434444 Vl. 139 43 3114444 V. 94-95.

28· 41144444. ’14999 04444143 Mum, 844144144414444 1 0444414444444, 4114441444 1443444 Car! V.

44104413144444 114 44 4414491414344484444414 pua 4444 444444 444444. - 444 28. 444114 (stam.)
0444441 4 4114444344, 11141. 444 4444144444 444. 8. 331-33

 

