1456 111111 11111111 om 111111.

1111523111 *11331 111113 11111111 11 8111111111111111131111 1111113111, som 1111311111
1111111111 13 1111311111 1 1111311111 hove 3111111111111111111131111 13 1111111111, som 1111111

11111111 811113. - Ν31113, 1111111. 111111. Canuti 11311 113.
Pomoppldan, 11111 11111111 11111 V. 418.

14· 111111· 112335. 11113 11111111 11 Boeo, 1111111 8111111 1111 11111111 111 1111111111
1111111 11111111 1 6111 13 11111111 111 1111131, 111 111 1111111 111111. - (11311113), 11111

111111 prox. postremum 1. Canuti 11311.

1111. 1111111, 1111111. 1111111111111. 111111131111181. 8111111311111111 11111 1111111 13
1111111113, 11111111 11 11311111111 8162-63.

15. 111111. 7854, 81111311. 11111113 11111111, 11111111 11 113111111111 oleo—65.

1⁵· 111111· ’123111 111113 11111111 1. 11111111 111111 1111111 1111111111111 11 1111111111111111
011111 11111111111 1111111 11111 1111 111311 1111111111 13 1111111111 1111111 11111111, som

11111 hor 111111 pao 1111111 og ou luder 1131111- 1311131111, 1111131111 nost 11111111 ·

1111111 1111111 1111111131 11311.

11111111111111111111. 11111111111131. 11111. 1. 316. 1131131, 11111 1111111 813111111111111
1. 84-85.

15. 11111. *12331 1113111111111. 11111111111111111111 13 111111 [lustru Sophio 1111311
111111 Lon i 1111111111 1 Pom, 1111111 1 113311 1111111. - 11311113, 1111111311 pont

Conutl 111318. Μ Ι mm mum 41333303333343, ⁰ss 11111181111111111, 1111131111111111

1. 78, hor 111111111311311111111 1526.

1111111· ’121131 111113 1111111111 1. 1111111111 111113 (1111111, 11 han 11113311111111111111
11 11131111111 13 1111111131 1111 3111111113 111 11111111111111111111111111111111113111111
11111 11113111, mon 111111111113813331111111131111, 1111111111111111, 111. 1111131111 13
1111111111111111113111. 1111111111111 derben 11111 11111 1111111113113111, 111 1111111111

1111111111] Lojdo. - Nyborq, 1111111311 1111111111111111 11111111 1111111131 113.

6111111 111111111111131111111111270-12. 8111111 1111 1 11311, Gustu! 11111111
loe-99.

17, sum, 7856, 11311, 1111111’1111111.199-101. (1111111111 11111111 111311111111112111411 111
Ι 11111111 1113111111111 11 111113 1111111111 111111 111113 6111111 1111111 1111111111 1111111111
1131111111 V. 219-80 13 1113111. 261.

1111111. *12‚339. 111113 1111111111 11 11111111 111 111113 (1111111 111111113813331111111113111, 111.
1111111 111111, 111. 111131111 13 1111111 1111111111 ο3111.11111111111111 111181111111113113111
11111111111111111Μ111 1131111111 1311113111. - 131113, 1111131111 nost 111111 1111111111

Apostolorum 113.

(1111111111 11111111 1113111111111 V. 212 81111311. 1111111 13 1111111113, 11333333333333.
1111111111 8. 166-61.

11· 11111· “12,340. 1111111 11111 1111111113, 111111 11111111 1111111111 111 vallon 13 nme. mmm 11
11111111, 11111111, pao 1111111111111111111111 13 811111 111111111111 113111 1113111311 113111
11111111 ἰ 11111111 14 11131 11111311111 1113 1111 111111111111181111111 efter 3333333331
1111111111, 11111111 11111111 1311111111 sooner, 1111111111, ottho 13 1111111. - Nym,

1111131111 11111 1311111 1. 11111111 11111311 13 martyro 11311.
11111 8111111111, 1111111111-111111111111113111111 11 1111111 11111111. 85-εᾶ

 

