0010 11101111 0111 101111. 1425

11111001111111111118111111110 01 11003 001111, 01011 000 11010111 11111 1205301111·
1111111 11111100 03 011101. - Ex 01001110 11001, 111. 6. 001100111010101

1011111.)

1111, 11110013. 111 131110. 1101111111 0111. 1. 121-23. 1111101. 101. 011110. 11111. 11111.
110-13. 1101111 0111 1011101 113110110111.111-13.

11111101 1100111111 11111111 11111101 01 11003001111101011. 0011111111- 10111111.
011311110 011, 11 1100301 1181011100 01 11103 111, 0111 001011101 01
111103, 11110111101100110 1100 10 0000 111100 010 01111 0300 81000
03, 003 11 1101300 10111001 0010 010011011101 111 110 11110111103; 11110-
om, 11 01110 111010 111 310110 010111010 pan. ·- 1110, 1001111.

11110, Breve 03 11111. 111 Chr. 111 03 11, 11 11111. 1. 469-11.

11111111111111111 1110101 11013 0011111010 11., 01011 010 1001111001111 1011011111,

1 1010010 1100 000110 01 00 11111. Alexander Kyngorne 111 81011110

011 111013), 00101111101311 mod 010011111011111, 0111111011 Μ. 1111001011

111011111101301 011, 011110 1110011000 011 11111 1011011110οω med 11031.

,01 111101.

0100181 tanen, Breve 03 11111. 111 Chr. 111 03 11. 11 111111. 1011110. 3.

101100110111111011 1181111131 1111111103 om 01 0010300011, 0110010 1180111111·

100101101111 110 111110101 1 8101113. -· 8110110100, 111 guden 000-
1111110111.

11111111, 0110011011 0. 0111ιο11010 u. 111111-111001111.011103100111800111113111. 196).

10110300110 111 0010001, som 1100101 011 811001 11101111111111, 01 Ante

0 1101011000111026), 0110011101 Hans 0100011100 11 111. Alexander 200111111·

10111 1521.- 11000 Datum. 111110.)

0010011111. 1101113. 111. 050-53.

1111 1111111111 1001110001 11003 0011111011 11. 001, 01 11. Alexander 21101110.

001031 110 81011010 01 111010 010 111·οΙ0 01 01103 1000 [11111111 03

110 11011001 11003 0011111011 03 010100 11 10311· 1111101, 1101310 01

111, 1110111011111 0101 Jacob 1111111111 03 10 11 11003101 111110; 010

10301011 110 01110 110001 11111 100000111 00 0011110113 11111 010, 01

1 10111, 0001 11003101 ’103 111 1111011111 11001 stad, 11 01011030 111 0011

101 03 200 11111011. -11111, 101110 01311.
11011, Breve og Aktst. 1111101111 0811. 1111111. Ι. 471-77, Diplomatar, Norveg.
1. 664-65.

’111 0111111 1111101011101301001110 03 1100011010 1110010013 101 112 22. 11111111-
11111103, 101001 11101 1101301 11 1111111111 11011113 11110 0111110111.
1011013111 010 011011. 1111010111

1101110, 0101001100ωο 111010013111111. 190-94.

011101 11011 1111111011 1111111111 1111103 1111101111 3103333333, om flertug 1111111111.
13000 111 01010111301101111300 1 111111011; 0111 1111 1111111011, 11111

03 00011 med 011001 31110 011; 010 110011101 000111010351111111·

,13 0101100103 Christian. -11011011, 25, April, (Tydsk)

10111 1101 111111, 111110 nord. 1113111 11111. v. 261-(32¹ 1va 3331,ι 3333130, og
1111101.’110111110111011011 183-84 03 1811-87, ’13333 um, lwfflu, mbeck
1111 101310011111111111 1. 376.

·. 1, 179

 

 

