816 10110 0001011101 0011 100010.

-.-----

1166611 1618. 110110 811010010οι1 03 111 1011010101 1 11010113, 1010010, 0013011
1111010101 11100101 1 Μο10 00 110011 1 1100 03 1011 1 1010110, 0001 10 1010 10001001

10100 1100111100110011101010110103101100 11ἰο10101101. -Sancte Trinitatis 0301031.
100101100 111100101011001, 013. 0111101000 S. 10.

11110- 11629. Η1. 111111 11101000 01 111100, 110101001οη1 1100 (1011001, 011011110111003

8111011010 110010 11, 110110101 0310010101. -11100 Datum.

1111. 1 81101011, 1100 (1011110011010 11100100 8. 219-20. 010 Datum 00 81111101, 10.
11001001. Vl. 636 03 811110, 1111103 1111 8100110011000 11010110 111. S. cxciv.

11110111, *6636 1111001 1 1111011100 1011030 0101 111. 1010110030101000, 10101031 1101113
Ηο0111 011100110011113 03 10 00110101131110100101010, 11011 100 11. 0. 100131100 1010101
010 80010100 111 1101001010 11010114630113113101 1010 0011011, 01 1100300 0111000011
10110 101101101 8101000 1111103101, 03 1011011010 101001011301110130100 010181010101
10100 810000101001 1111130 01010100 01 01 111011 111. 0101 111010000011 100001 10151130

103018111- 11001)οί001.
’111011111110111101011 10101001. 0011001013. (1000110110 xxxvl. 81-84.

26. 101111. *6631. 11003 11001οτ10101 1111100101, 01101 1103101103 010110 11000000, 110001
1 10011110, 101113 110 11003010 1101101 000101001010 1000101101 1100 011 101 11010, 1100301
10110 1031101111, 03 110110010101101010 101 01110110141100111010. - 11011010110,10111

0011010110 octauam natiuitatis 0. 10100010 bapt.
11001000, 1111000101. 1111110101 11111111 8188-91.

1010011. *6632 Vidneshyrd, 11010101101100100 81001110101101100000, 010 [1101010130

01 100 1110110111οο11011 8011 1111010010 8101. - 1100101010101, 12610 111011.
1111. 1 8010110301 1. 11101 11101. 03 1011031. 11. 134 03 111. 113.

16110111. ’6633 1110010100 01301103 11011011 1110011001013 00011 1100110001 110 11001011,
1101101 03 1111101110 1 Sagen 10011001 11100101 03 111. 1010110030101000, 1110131111 111.
10000 0101 0110110 1100 01 100 1100300 01 1100100110 110010101 mod 313111 iil ai

0111010. - 126. luni.) 1111111111
10111101011. 1010100 1. 0011001013. 1010110110 xxxvl. 101-106,

111011. ’6631 11003 (1011011101 00010101 111. 1011113, 10010101 01 Antiochia, 1101001
110101110 11001 03 80010101 1 Polou, 010 0111030 0010013101, 01 10300 0111011333 11101011

[1010100011οτ 001010101101 11000 1100101. — Solffwitzbor9‚ 12. 10111,
1111. 1100 1100011 1111110111, linum. 111300 111011. 8. 912 (1110111113. ν, 1711),

13. vel , 16635, 10111801]»100301111100110101111010011001100,11001031110101111101111
²⁰· '⁰¹¹¹’ 1111030010000 101 1111100113, 1100 100 000 0311110 10000 0311100 1100011110 100 1011111
1100 100 00100 8110 1 1101010103 0111000 iunges Drab 0111000 1101103, 1101111001110101κ

11110011, 1013010110 11131010. 1111111311
10110011. 1110101001. 111001. 10001. 111. 321.

· Post ’6636 100001001101111 testimonium 10 0001011000 bonorum flans 1111131111
15. ΜΝ) 1010001011 01 1010111 1010011013301001 01 1101100 01110 Conrado cordes, 0101111000
0110 00110110110 18100110000101, 10010. - ln placito, 11001 10011110 duodecim Apostolorum
(1 1101010010 1110011.
1111. 1 1001110100, 1100010011ῑο iv. 3189.

 

