Kone 111111. 1117

1511.
(1111311111) 11111111Ι Cleus 1113111111 11111111 1131111111, 1111, Osi 2111111-
11113, 1111111 113 1111 mee 1111111 11131111111111 111 3111. -11111111,

11111111 Vocem 111111111111.
ude. 18111111, 11111111111111111111113111111. 55 13 ι 11111111 11131111 4. 11111111. 289.

Beienkning (arvernenses 11181111111111, 1111111111 1 11111181111111) 3. iunii.
1111131113, Η11113 8131111111111111111 131111131111 1111 811111111, 1
1111111111111111 1111111111 1111111311 1101111111, semi 1111111111 111
ei 8111 111111 31111 111 1111111 111131 111 Η1.11131111111111111111113.

111311 111 Exaudi. (Platiydsi.)
11111111, 1111111111111 81111131 r. Geschichte Pommeros 8. oce-57.

Η11113 Ferocem 11 (1111111 1111111111111111111 1111111 om, 11 111 111 C· 3. ionic
’ 1111 11111 111 hem om 11311 iFIensborg 1111131131 11111 (1111 11111111-
3; 1111 111 111 111111111111111 11111131 1111111111 1111111 1111 11111. -

ie, 1111 1111131113. 1111113111.)
81111111, Diplometerium 111111113111111. 111-56.

[11113 flens) 1111111181111 {nempe 131111111181131113 11111- 13 111111 1. Junci.

,.. In 111111 Helicone, 111114. prox. [1111111111 martiris.
1111. 1 111111111131111 4. 1111111 11. 289.

1111311111 11111111 811111 1111113111 13 111113 1111111111 11 111111 2 411111.

[111113. - 11111111, 1111111111 [irasmi.
1111. 1 1111111 11131111 1. 1111111 11. 289.

Litterae Μ111111111111111111111111 11 Iohannem 113111, quibus eum 11 11111 14. iunii.
m certiorem 11111 regem exhortans, 11 11 concilium indictum 1111111

- 1113111131,,111 quartodecimo mensis 11111.
1111111111. 111 Geheimeerch. w, ’111113 S. 29-36. 1111. 1 Becker, 111 11111111111111111
{eliorum 811111111113111. 1511-1514 11111 S. 49-50, 111111. 2 13 3.

11113 flens) 11111111 Dr. Anthemus, 111111 1111131111, 111111116011111. 1111111-
11111, 1111. vilhelmi 1111111.

111. 1 Densis 11131111 4. 1111111 11. 290.

11. 8111 (1111111111 111311 111111111111111111 1111111111 1111811111 1. suin.
11 01111111 mochum, 1111111 111 1111111 111111 11131 111 Fon mod
donnes 1111 11113111 1 81111111, 1111 8111111 11311 11111111 111 81111. ,

en 1111 11111111; 1111) Voriirue 1131 visitacionis. 1811111.)

1111111. 111. 81111. 11111. 11111. 170-72. ,
11113 Heres) 11111111 1111111Η11111 11 Nystcd 11 111111 111111, 81111, 1113 411111.
iiei. -— 111111111111111131, 111116. 111111111111111111111111 111111.

111. 1 1111111 11131111 4. 11111111. 2110.

1111111111 111111111111, 11111Τ1111111111111 1111111113, 1111111111 Τ1111 111111.
111 pec Roseborg‚ 11 1111 1111111111 111111111111311111111111111111 11

11113 11 113111 1111113 1111181111, 11111111 111 11111 hem 111111111

113 111111311111111111 Electus 13 11 11111 1111111 111 11 1111111]1111;
i'idendc 113111111111131111111 111 111111. - 111113, dominice 11111

s 11131111 Mario. (Svess8k·)

11111111, 111 1111111 1111 11111111 11111111111111.1. 523-25.

 

