Κ111 0111111111 11111 1111111. 7111

C. 1450.

5753. 01153111111 om chndommc 13 11111111, 11111111558.11111151(11151 1 111111-
borg· 81111111,11111ο111111111111 11111111311111 1. 8-10. (Ρωὶγάεκ.)

5754. 1111131515 1111 8. 11135111 chndcmmc i 13 11551111 1111111113. (1111113511.)
8111111111, inclamantium 5111111311111146-41.

5755. 111113 (111111111111115115161. 11111115 1115551111 11115 11115151 13 1111111-
5111 111 1151131, han 1111111111 11111351, 13 111511115155111111 ai 11113 (1111111551311111
111111113111151111181311. - 1111311111.
1111111111. 11111113. 111. 565. 1111111111 11 1111111111,

1456-1566. 1111111111.

5756. 11111151111111111151 11 1131111115, 1111111115, 11115111311511, som 1131

111111111115111 11111111.
8111131111, 0111111111. 8111111111. 1111. 111. 485-93 (1111. S. cmx).

1451· ⁵ 1451.

5757. 111111 commucavi, 1115510111111, 11555515151111351110155111111111151151, ¹· ⁸⁰¹¹*
11 11113111 111 11111 11111351 11 [1111111111 311551 Mauritius, Grcve 11 oldenburg, 111 11111),
113 111115151111111 111 hoc Pavcn at 1111111511, 11111311615518115. - 1113111, am 1115115
111 111111 1111113113. - (13511.)
1151. 1 1111111113, 111511 111111111111.·11111111. 11111111, 11111111, (turonic 11. 6.

5758. 111111311111 11 8151113 111111111111151611111111111115111111 111 11 11111551 1511111.

11116151. -— [1151111111111155131 scholastice 11131111. (1111135111
51111511111111111. (1.11111111.-111111.-1111111. (1111111111. 11555.

5759. 11111 111111 01111111 1111111111 1151151111111111511 11 111311 1115111113 11115 11111111.
111111 1311111511 11 11111511 11 11111131 5111 11111151 1151115511 1111311113 1115115111 1111131111

11 5111111111 cg 815113. - 11111115113,1111 11111111. n. 1111111111. (13511.) ’
111111 1111111113,115111111111111111·51111111. 11111111, 1111111111, 1111111111 11. 6.

5760. 111113 111111 11815113 111151 5111 135111 0151111 [1111111111 115113 (von 14. 1111111.
11111511111111111, 1115111111 111 111155 to 11 111151115511111151115111111111111 11111113 11113511
11 [1111111111 11111111155 111151 1 11111111 111111 S. 1111111111 1111111111 Bag. - Vp 11111111 stote

8111111111, 11 55 11115135 inuocauit. (1111135111
813111, 1115113 1111 81115111111111 1111111111 111. 38-39.

3870, 111111111, 11111. 111 6111111111 11111. S. 111-20. 16, umn,

5761. 11111113 1111111 1181111113 11111111 11111, 1115155 1 111511 1111355151 1111111 11111151.
1111551, 5511 1111 5511551115 11111111 (1151 mod 111 1151111113 11 24 11111 131111 13 111 111113

8111113111 111 1111517115118111. — 1111111111 Oculi. iPiattydsk.)
511111111111111115 11111511.·111111.·111111111. (1111111111, 11366.

5762. 1111111111 (Vtut) [11111511111111111115511111111511, 115111111115111 lirici 15311 3. 1111111
111111,11111111 iratribus 11115111111111111 in 111111Η1111113οο1 55 1111 15 domum fundandam,
1111151111 apostolica 1111111111 11 1111111111 511111 domum cum 51111111 51 omnibus 111111-

scriis 11111111 construendi licentiam 11115511. -Rome, apud 1111111111 1111111111, 111. non. 111111.
Ny 1111111111. 8111111311 Vl. 558-60.

 

