1156 Kone Η155.

155- 111111· ’9619 111553 115551 11115155 5115551 1115555553 (ar 1155555531 51 511555 55351

Korn, 85155 53 8551 53 51155 13155 1511555 1111351 Η55515, 8511 53 11555 115555. - 1155515,

155152. proxima 5551 diem iuuencionis sancte Crucis. ‚
Udt. 1 85115115, 51515555555 1155555535555 11. 55 53 1 1155515 11535515 1 1511511189.

11. 11111· *96511 1155311555 55115355 513 111815155115555155 over den mod 5555115555
flans Holm i 15551 1510 55155 5515515355 5101555551 5155515 11511. - Capenam,

am 555153515511515. “ 1115113151.)

1111. l 5511. 05555. 115315155555115551555 551555551155 15 551 5515 15551515155555
11. 85.

11. 11111· *9651 11553 11555· 81555155 111 15 155 815155 11551555, 1151155155 53 1515115),
55551 555 15555555 055515351555 51518115 med, at 151555 55555351 5555 15115 53111-
55515 5555 5555555551155155; 555 5111551555 dem 111 1115 51 15155 55355 1155151 med

5555 1155155. - 8555515555, am 5551535 15511515. - (1115531511

1111. 15511. 05555. 1115315155 555 (15551555 55 1555551155 15 551 5555 1555151 51551555
11. 85.

1111111- ’9652 11553 11555 1511155153 111 ’1535 115515 155 515115351555 51 28151551, 5555-
med 555 555 551511 15 1112οΜ551, 555 5551155355 5131113 155 5515, 555 115515 51 denne

i 815555. -— Kjob. 8151, 15515355 5551511. 8551535515511515.
1111. 1 vodel 81555555, 1155135515 11151. 1. 11.

1111111· 9653. 11555555 155555, 8553555515· 11155513, lover 115. 1155511 1155555135
51 sende 1516515531518115, som 155 511515 0115 1155155 11151) 55515 51555515 555

ham, 53 55115355 515 1155511555 1151. - 1155551, am 11551535 555 855515. (131511
1155151111. 1 1515181555555, 15551115-111155551515355 om 15155515 nuder 1. 181.

151151 ’9651 (1155311155) 1111515555551151155 518151115 51 511555 3 1555155 Smer 53

115 5551 1151151 111 8151115. - 11511515,15515551515555115551515555 15511515.
1111. 1 1155515 11535515 1. 11511511. 289.

1911511. ’9655 (1155311555) 1111515555515111131155551 511555 5515555515 115155, 81151 ¹
531513 53 51155 51 1511555, 5151 111351 1555355111. — 11511515, 15515 2. post dominicam
cantate.

1111. 1 115551511535515 1. 11511511, 289.

19111111- ’9658 155155555555155555, Lange 1555555 855515555515 1 1555551555, 53155
11515 1155551555 511515 6515 1133551515151515551555551, 1 115115 Len 1 51515 1155551
53 555 55555555 (1551515511 15 (155515 1 5151515555 1155551 1 55515 8535, som 151155
1155551555) 111 111515 11155155515555, Landsdommer 1115555]511551.- 515515355 55515 5111555
sancti Erici regis dagh. ⁴

8551115355 1. 1115111151. 53 15553511. 179-81. 115555, 115115151555 om Personat 55
1155511155 51 1151551 11555 ΙΙΙ. 151-55.

2811111· ’9651 (15535555)1111515515511558355535151155511515555.51. - 11511515,

15515 sexta post dominicam 11551515.
1111. 1 555515 11535515 1. 11511511. 289.

2111111· *9658 (1155311155) 11115155Ρ515515515511555 511511555, 5551 155 5515553

111, 53 511555 5155511155 115555. - 11511515, 15515 3. Rogatianum.
1111. 1 555515 51535515 1. 11511511. 289.

 

