1472 Κο11 11111111 111 111111.

——.—..—--.--——.--.-—.—— — ..- --.——.— -— —- ————.— “-

3123ss *12‚483. 11111 Μ11111111 11111111111 Thomas 1111111 111 11113111 1111111111,

1111111111 ikke 1111 give ham 1111111111113 3111; 111 111111 1111111111 111 2511111111,
11111111 1111 1111111111111111, 1311111111 11113111 11111 1113111111311111. - Lyre,

111113. Marcii.
81111, 1111113 111111. 11111111 8. 77-78.

⁴¹ ”“““· 1218417891· 111 Ξ. 1111114111 1
0 8 . . . ·· .
11111111. ‘12,485. 11111 Bau: 1111111111 111 1111111 51111 111111111131 111 1111 1131111111,

111 11111111111111111111113, 111 11111111Ιί31 111111111113111311 13 111 1111 1111111.

-— Melffar, Μ11111111111111113.
81111111. 111111111111111 111111113111111.293-’24.

14. Martii. ·12‚486. [111311111111111111111111, 11 111 1111111111 111 111111111 Μ. 11111
11111111 111 11113 111 111 111 11111131111 11111111111 18111113 1111 111 1111 ’11111111

- (11111111, 11111311 ludica. 1111111111.) ’

111 1111111111 8111111311 11. 296.

111. 1111111. ·12,487. 1111111113 om 111111111131111 111 1111111111111 81111111 Μ11111113,
i 11111111 111 11111111, 11 1111311 (christiam ΙΙ.) 11 1111111111 11111111 811111 1 211111. -

116. Martii.)

1111111 111 11111, 11311111 111 11111111111111 111 11111111 Ι. 208.

11. 1111111. ‘12‚488. 1111311111111111111111111311111111, 11111111111111131111113111,
i Anledning 1111311 1111111111111 8111111111 111131 over, 11 111. vincens 11131 1111
11111311 dem 11311 511111, 11 111111131, 11111111111111111111111311111, 111111111
1111111311 11311 11 1111118111 i 1111111111111111131111111111 1111311 111111. - 1111-
1111111111, 11111311 1111 11111111111311 ludica.
[1111111111. 1111113. 111. 8117. ¹
11. 1111111. ’121111 11111111111, 1111111, 11111111111111111311111111111, 11111 1111Ιί1
11311111111111, Karine 1111 113 111 Ν1131, 1111111 1111 mod 111. 1111111111, 1111111
111111 11111111111111 111 1111113 skal 1111 11111111 11111 ikke 11 11111 11111111 1111
1111311111, 13 11111 ham 1111131 1111131 111 Η11111 1111 111111 1111111. -· 1111 11111111,
11111111. 1111 dominicam ludica.
11111111111. 1111113. 111. 621-22. 1111111. 1 1111111111. 1111111111111. 289.
21. 1111111. ’121911 Μ1111111111111111 11111111 1111111111 litteras ducis Holsteinensis‚ 11111
1111111111 petentes, 1111111, 1111111111, 111 tutum 111 1111111111111 1Μ13111ιι131
tam subito rapere, 11111111111111111 serviendum esse. — 1111 1111111111.
11111111, 1111111 1111111111132. 8111111111 11 1111111111, 1111111 Epistola S. 131
11111111. ’121191 11113 11111111 Ι. 1111111 11131 1111111 111 1111111111 1111111, 11111111 111
1111111111 1113111111 13 11111 11111111111113111113 1111111311, 11 111 11111111 111
1111111113, 11 11113 0111111111 1111111 1111 13 81111 1 1111111111111. - 6111111 11111,

ssaden Pom ᾰῃε111111111111111113.1111199. ¹

31111111. ·12,492. 11113 11111111 Ι. 1111111111181111111111111118111111 11 11131 1111111111
11111111111111111111111 13 811111111111 med alle [11111311111111 11 111 Sum Penge. α

Vp 111111111111161111111, 11111111131 1111111 11111111. 1111111111 ἢ
1111111, 111111. 111 111 1111111 11 st. 11111111 11111111113 111 deren 1111111111 .

S. 31-82.

 

