23. ianuar.

29. ianuar.

29. 111111.

30. 111111.

3. Febr.

Kosn Cnmsnnns nnn ansnn.

——...-

1366. 011111111111 1111111111. 1111111, 1111111 18111111, 11 111111111111111

111 11111111 111111 (111111 Sinden. (Pinitydsi.)
11111111. 1 westphalia, 1111111111, 1111. S. 81.

1411.

’1361 11111111 111 111111111111 11111 11111111, 11111 (111111111111111111, 111111
1111111 11111111 11111111 111111 11 81111111 11 111111111111111111 111111 111111111; 11111111
1111111111 1181111111 11111111 11 Η11111111 1111111 111111 11111111111111111111 1111111111
10111111311111 11111 111111111 (23. Maris). - 11111111, 111 1111111 11 111 nyen 1111111111.

11111111 stistinet, 11111111 11111. 01111111, 11. 1111111111 11. 1326-17, (mmm

¹7368. 11111111111111111111111, 1111111111111111 11 111. 1111111 11111111, 1111111
11 111111111111 111 11111111, 116111111011111, 1111111111 811111, medens 1111 indeindc
11111111, 111111 Ν11111111 1111111111 11 11111111 1111111111, nu i Fnige Foriigei 1111111
1111111 11111 1111111111 1111111111 1111111111111111111111. - 11111111εὸ1111, 1111111111 nesii
1111 111111 conversionis dagh.

811111, 1111111 1111 81111111111111111111111. 45-46.

*7369. 11111111111111111111111111111111 8111111111 111 111 Son 1Μ1111111111111,
hinni 1111 11111111 11 11111111 6111111111 11111111 1111111 11 1111111111 Son 11 1111111
1111111 1111111111111 1111111111 1181111111 1111111. -- Onolizpack, nm 11111111 1111111111·

111111 Pnuii. ‚ (Tydsifl
1111111, Codex 111111111111 11111111111111111 3. 1111111111. 11. 192-97.

*isin 1111111111 1111111111)1111111111111111, 11 indens Fynhoo 11 1111111·
111111 111 Vor 11111 11111 1 1111111111 111111 111 1111 111 1111111111111 11 11111111·
1111111111 11 Ν111111111111 ’111111 1 1111111111 1111111111 11 111 111. Egerii 11111111
111. Philippus 11111111 11111111 111111 11111111 111 1111 1111111 1111111 1 1111111111 11
11111111 Rodii, 11111111111111, 111 111111 11111111111111111111111111 111 1111111, 1111111111
1111111111 1111111111 (1111 mod 1111111111 11 1011 Mari 11 11 11111 111 11111111. -
11111 1111111111 111111111 111 11111 1111 1111111111111.

1111111, 1111 111111 1111111111 11111. S. 490-91.

*isin 111111111111111, 11111 11 Beni niue, 111111111111 111 1111111111, 11
1111111111111111, 1111111 11 menige 111111 111 1111111111 111111 1ο111111111111111,11
11111 1111111 111111 11111111 1111111111111111, 1111 »sorbonne 1111, 1111111111 1111
111111 viduet«, 11 1111111111 1111111111 11 11111111 111, 11111111 811111111111 111 denne
Overenskomst. - 11111 11111111 1111 1111 11111111111 dagh purificncionis.

1111111111. Sami. 1. 49—50.

*7372 11111 (1111111111 1111111111111111111 tiis. Hans Dng 111 Enii 1111111111,
som 111 11111 Sinnin 11 linge, ng 11111 1111111111 1111111111111111111, som vare 11181111 ξ
111 11111111. - osio, 111111111 11111111 iiyndessmessn dagh 11111111 111 rikis 1111 1111111-

’ 11111111.111111111111-11, 11101111

1313. 1111111111 1 1111111111 8111 (111 11111111 11111111 1111111 1 Libet&
111 11 give dem 111 111 11 samin 11111111 1 11111111 111 1111111111 11 1111111111 11110111

i neres Kirke. - 1111111111, 111 dage sancii Blasii martiris. 1111111111
1111111111 1. d. 1111111. (1111111111. 8111111111, 1111111111 11. 111111), 11. 148-19.

 

