· Κ1110111111111111 111111. 1271

111111 1111111 1111111111113 1111111111 111111, 11 song 0111111111 11. &iffi-ffl-
11131113 13 111 1111111 1111111111113 1111111113 19. August), 1111111

1111 1111111181111111. - 1111111113, 8111113 1111 Petri 111111111

,1111111 011111111111111131. 1111111.-11111·111111. 1111111111. 11, 1. ssstllguyfflst'

1522, 1111111, 111111 nord. 1113111 11111 111, 2. 8. 469, 1111. 17.

111111111101111111111111111111 1111111 111111 11111 1111 11 11111111 11111111
1111 1111111111, 111111 1111111111111111, 13 1113111 1111111111,
11311, 1111111 ,111111 om 11111111111111111111111 11111111 11 11111111
1111111111 111131 under 11 111113 1111111111 11111 11111111 11113 (1111111111

0111111111 [1111111111 Petri. · 1111111111.)
11111111. 1111113. 1111. 563-101.

1113 1111111111 1111111113111111111 111111 111131, 11111 1111111111 Ante
1111111111 1. 11111 1111111111111 111111111) 1111113111 111111131111111111, 9. suguss,

111 1111111111. - 11111· Datum. 1111111111.)
1111. 1 11111, 1111111111. 1113111 11111. 111, 2. 81468.

113111 81111111 (1111111111 1111111111 1111111111 11113 6111111111 ΙΙ. 1111131111.
111 11111111111131 111 1111111, 1311111111 11 11111111 111131 1111-

111 11111111 Laud. —- 8111111111, 111111 1111111111 martiris 113.
111111, 1111 1111111 1111 11111111 1111111111111. Ι. 728-30.

111111 1111111111 11111311111111111 11 111111111113, 1111113 11111111 11 11. 1131111.
1111111111 11 1111111113, 11811111 1111 111 311 111 pas 11 1111-
1 111111111 13 111111 1111 111 1111111 113 111 11311 1111 1111113
1311111111. - 111113111111111. 1111111111.)
1111111. 101111111111111113 1. 11111111-11111-111111.1111111111. 11, 1. S. 77. Datum

1111 1111111131111 111111, 1111 11113111, 1111111, 1111111111 1113111 11111.
, 2. S 469, Anus. 71. ’

1111111 11111111 11 111111111113 111111111111111111311111311111111 1311111, 11. Augusti.
1111 11111111) ham 1111111 11 111 (1]11111111111, 1311111111 give
ns 11311, 111 11113111 81111111. — Bennsburq, sm 1111113 1111

111111.)

1111, codex diplomaticus 11111111113111112. 11111111. 111. 327.

11111111,111111113.1111.22-34. 111111, 81111111111111.11111111311.81111111.1. 13. 1131111.
1111. 6. 36-42. 111111101111. 1 8111113111, 01111111111111. S. 407-28. 111111
1118111111113 1111111111111111111 8111111111. 111111111311 11213 11111111,

snum. 111111. 104. 1111111111. 1 111111, 111111, 11111 11. 114-16. 111 1111111111 111

111111111 111111 111111, 111111 nord. 1113111 11111. 111, 2. S. 469. “

11111111 11111111 1111111111113, 1111113 1111111111 11111111111113 og 13- 1111111-
11111111 11111111111111 111 11 sende 1111111111 11181311113111111111113

3 1311111111111.)Ι - Closter 1111111111, Μ11111111 1111111111111. 1111111111.)
11111111. 1 01111111111111131.11111111.-11111.-111111. 1111111111, 11, 1. 618. ’

111111 8111111111 111 1111111111111111111111111111113, 1111113 11111111 1111131111.
111111111111111 111111111113, 11111 111 3111111 11111 111111111111111

1111111 assumptionis Maris. . 1111111111.)
11111111. 1 11111111111111113 1. 11111111.-11111-111111. 1111111111. 11, 1. 8. 78.

 

