· 11111 0111111111 1111 111111. 1657

1111111 01111111111111 81111111 111 0111 0111111111, 1101111111111111 10. 1111111
0111111111111 1118111111011111111111 111 011111 111 111 denne 01111
1 111111, Hoste, Breve, 8111 og Pange, 111111 Son 01111111111111
,11 111111 bringa 1111, 11111 1111 1111 lide Mangel m. m.; 11111111

- 1111111111, 011111 11111 011111 111111. (Tydeu.)
1111101111. 1 1111111 111 1111111 0111111. 1813 S. 91-93.

1111131111111111Μ1111111111 1111111111 1111111111111111111111 1181111111, 10. 1111111. ”
11 11111111, 111111 011111 1111111 11111111 11111111 11111111 111 81111111

111111. - Μ111111111111 111111. , (11111.)
11111111 og 011 1 Waltz, 111111111111111111 0111111111111. 111.

1113 0111111111 111. 11111111 011111 1111111 1111111 11 1111111 111111 11111111,
ostrup 111 11 2000 11111, 1111111111111111Ρ111. - Wiborq, torsdagen

111 11111118. .

1111111111111311111111110. 1111111 11 1111111111 1 1111111111111, og 111111111
,11111 111 1111111111.

long 0111111111 1111 0111111111111 111111111111111, Prior i 01111111. - 11111111.

sondag 111111.
111. 1 1111111 1111111 3111111 11. 205.

Kong 011111111111. 11111111, 11111111 111111111111111111111, Ρ111111111 11. 1111111,
1111 1111 11111 11111111 11111111, 111111 Sagen 111111111 nette 111 1111111

1 Wiiborqh‚ torstdagh 1111111 111111 111111.
111 10111111111111 11111111 IV. 20⁷.

11111 ’1111111 1111111 sig 011111 1115111111 8111111 1110111111 111 11111 11. nanu.
leduing 11, 11111 1111, 1111 111111, 111 1111111111111111111 1111111111111.

11113 1111111 111111. 1111111111.) ·
11111, 0111 (11111111 111 111 0111111111 s. xuv—xhv.

11111111) 1111111111), 1111111111 1111111, 1111111111 enUkjendl 111111 11. 1111111.
1111111111 1 01111111 lide 111 1111111 1111111111 lange 111111. -

1131 11111111. (11111111.)

1111111-1111111,111111111111011111111111158-59, arnan„ i mahom, walum.
1111111, 0111111 11111 1. 384-81.

1113 0111111111 ΙΙΙ. 11111111, 111111111101111111111Μ11111111113111111 11111111.

11111111, 11111111111111111 1111011111, 1111111111 Η1. 31111 11111111,

111 81111. —- 011116. post 111111.
111 1 0111111131111 3. 1111111 11111.

111111011111111111 1111111111 111111111111111111 11111111 11111111111111 11. nanu.
gua 111 01111111 og 111111111, 11 11 tangue 111111 1111111111 111111

ffl Ι’11011111 0100111· - tabeat, 11111 1110111 111 111111. 1111111111.)
1111111-111111, 1111111111 111 0111111111 1. 859-60,

long 0111111111 111. 11111311 sig 111 1111113 Ernst 1111111113 1111 11111111.
1 111 11 111111 1111 11111111 sold 1111 1311111111111111111111 111

11111111 1111111111. 111111.)
11111111. og 011. 1 111111, 11111111111111111 011111111111 11, 398-99.

11. Ι 208

 

