1116 Κο113 Hans.

1331711. ’9298 1331311 1111111 1111133311 1113111131 113 11111311313131131, 31 [1133313331333

11313133131333 311113 313 113 13 83333, 3331 13113 333131 31 3113 8131 111 33113 3311
1133311333, som de 131131313383113 33113333, 311311333 Pollu 1133 13113 131131 1331

2113113 133 1131 Bonde3 1333133 1133311133 3131813311113 31. 31. - 11133 Datum. (813331.)
(11131131, 1113 1111311111 11313313 113111111131. Ι. 844-15.

4. Novbr· 9299. 11333 111113 1113113131 1131311 N. Ν, 31 133 111 sende [1313313133 1111131331
111 13133131, 33 13131 ham 131131 31313 318111 3131 13133313 1313. - In 333113 Hatram,

13113 quinta 13113 3313133 33131313 8333131313.

1133313 1333113 4. 113113 11. 285-86.. - 11313 3131 131 1131111 3113113133 1311,
3313113. 8. 285. '

1111111. 9300. 11333 111113 1113111131131113331331 813333, 31 han den 1313313313 113131
11113131118131313313111 31313133111331311131313113133 81333131333 11131311, 33 31

1133133131 131131 1131 13111331 33 1113331311, 3331 31131 3111313133 31 M. Hermann, Bysoged

i Landskrone. - 1133331313, 1313313333 3331 3111113113 11313333 133.

1133113 11333113 1. 11311311. 284. — 11113 3131, 1113113133 (1333131133 3131 oppdum.
3313113. 1283414.

Post *9301. Δ11313 31311311311, 3331 31311313181333311111331 1 11313133 1508, 33
4' Nm* 3131 1313, som 3111113 ’13133 1133333 3311 33 1313 1133 1131313313131131113113 11333313 11133.

- 11133 Datum.
1133313 11333313 4. 113113 11. 281-82.

3113131. 19302. 13131 13333331, [1313133331 333 111313, 1113111131 313 113331 Jacob
1111113313 bl. a., 311133 131131311313133 331, 31 1133131 David 1131 3133311 33 81313 3131
113131331ῑί33 33 81113 11311333 11333 111 81311113133 1133133, 33 heder 11331 31 33133113
13113 131 1133113133 1 113131. - 1111311, 113113 33113 131113 33131133 31331331 Sanctorum.

3131111111, 1311111111 113 11111133 1333113133. 1. 313-11, (31111811

12. 113111. ’9301 8131133 1113331113 133131311133131313313133 813313 1113133333 11131 1111.·92951;
131 3111311131 113111 31131 111 31 313133 3131 131131 31 131133113 om 13111331 med nnuman,

- 13 11311111, 13 31331133 Μ311131. y (Svensk,
113311. 111. 81331. 11131111. 215-17.

12, N'ovbr. *9304 8113133 1113331133 81311331311111131, 3331 813313 1113133311 113113 3131-

33311131(111.·92961- 11111918· (Svensk.)
113311. 1113181331, 11131. xx. 208-10.

12. Nom, ’ ’9301 813313311133311338313313133333333313,1131131331111333 1331 1133111311

1311 1113333111 1313. - 11133 1133. (swam
113311. 111. 81331. 11111. XX. 210-15.

12. 1131111. ’9301 81111133 1113311113 33113131813313111313333, 31 1311131 11311 1113113333
, 3113313313 313 111 11333 Hans 33113113 131 11313113311313, 33 33131113111133131311111113133
11131111311113 1133333 11131 33311113 1313313133. - 1311313113, 13 crastino 3. Μ311131 episc.

13111. 131. suna. 1131. 1111311-13. (suast.)

 

