111111 0111111111 111 1111111. 1619

1135.

111111 (111111111111111111111111111111111111, Electus 111 1111111111, 111 11111111.
11111 1111 11111 1111 1111111011111111111111, og lover at svare

111 111 111111, 1111111 1111111 11111 1111111111 111 1111111 0111111111
my, 111 101111111 (811111.)
01111111-11111111, 1111111111 111 0111111111 1. 366.
111113 0111111111111 11111011111111118111111111111, 013111811111111311, 11Ι uum·
1 11111111 1111 1111111111 111111 11111111, 11111111 og negnes 111111 og
1111111111. - 1111111111, 1111111111 111111111111111111111113.

011111 11111111 1111111 1. 26.

Kong 0111111111 111. 1111111111 111111111111 11111113111111 11111 og IV· 1111111-
111111111 111 1111111 0111 og 11111111111113111 111 11111 01111111111111,
11, og 111. 01111 11111. - 1111111111, 11111111111111111111111111111111.

011111 11131111 3 11111111 V. 26-27.

11111111 11111111, 111111 111 11311111, 11111111111111 sophie, 11111 1111111, 11· 1111111
111111 1111111111 1 1111111 og 111 111111111111111111111 111 11 11111
111 og 111 og 1111111, 11 1111111111 111 11111111111111111111111111,
1111 11111 11 1111111 ham 111 1111111- 1111111, ’1111111 1111 11111

11111111. 1 11111111-11111111, 0111111 1111111410.

11111111111111111 1111111111, Borger 1 0111, 11111111, 11 111. 1111111 11111111.
¹ en Fjerdepart i 11 81111, som de i Voreniug have bygget. - 111111,
11111111. ” (1111111111
01111111111. 1111111. 11. 823.

1111111111 1111111 1111111111111111111111 1111111113, 111 1111 1111111111 11111111.
11 111 1111111 11111 1111111111111111 10111111, 1111111 har 11111111, 11

ι 1 101111111111111113 1111111111 1. og Christian 111, 1 1111111111 11

1 og 111111 11111 sig 1111111 1111 1111113111111 1111111 01111011.- Don-

dfflk 011. 1 111111, 1111111 111111 111111 0111111111 11. 399. mm)

11113011111111 111. 11111111 11111 0111111111 1 11111111Ι 11 1111 111 20. 111111,

1111111111 leigere, 11111 111113 111 111 11113111 1111111111 1 11111111
1011111111 1111 1111 111111. - 11111111, Palma 11311111.

01111111111111 11111111 V. 29. 1111111 11 111111111111 11311111111.

11111 011111111111111111, 1111111111111111111 111111111111111111111, 20. 111111.
11111, 11111 11111811111111111111 1111111. 1111 11111 1111011111111111·

111113 Gudstjeueste. - 1111111111, 11111111111 1111111111111111.

1111111 11111111 1111111 V. 23-25.

111111 Summus, legatus 0111111111 111111 111111 regis, 1111111111 111111- 10, nanu,
111111 regis Angliae, scribit, 11 1111111 responsum 111111111111111 traditos

1111 eum, quantum 1111 1111111111 opus 111. - Sine 1111 11111.

1111111111. 111 0111111111. 111. 254. 1111. 1111111111. 11111111. 1136.)

0111 01111111111 11 oldenburg oprordrer uertug 11111111 11 Mecklenburg 10. 1111111.
1011111111111111111, 1111111111111, 2000111111 111111, 1111111111

11111 011111 11 1111 111 11301111. - 0111111111, 1111 1111111111. 111111.)
vundan-uallet, 1111111111111 0111111111 1. 3111.

208.

 

