1514 Korra 1111111111 111111.

ἳῗ-Ῑῗίίῗῦῐ· *13311 Ν111101111111, 1111111111 811111111, 111111111 111111 11111, 1111
oller 11111111 1111111 Bille 111111111111111111 1111111111 1111111 orn 1111111 1111111111

0111111111111111,11111111 1111111111. - 1111111111, 11111111111 111 0111111111.
1111111111. 1111111111. 716.

21111111 *13,216. Vidnesbyrd 11 111 1111111111, 11111111 01111 111111111111, 11 ‘lionis
1111011· (flrrrrrssor) 11111, 0111 111111111111 11111 11111, 111 11 111 8111111111 111 menige
8111111111 11111 1 8111111 1 1111111 111111111111111 111111, 111111111111 111 1111111111,

1111111111 11111 6111111111 1111. - Uden Datum.
1111111. 11 1111 l 111111111111111 11548.

11111111 *13‚217. 111 11111111111 11111111 11 1111 11111111 11 1111111111 011111 11
’1111111111 1141111111 1111111101111111111 11111. - 11111111, 1111011. 111111111111

1111111111. 1111111111. 113.

1. 1111111. *13‚218. 11111 11111111 l. lover Byrge Trolle‚ 1111111 11111 1111111 111111111111 ·

011 1111 1111111 61111 1111111 1 1111111111 1 1011111 11]·11111111 1111 1 Pani, 11111111

1111111Τ11. - Haffnioe, 11111 11111 111.
1111 1 1111111 11111111 1. ilaue 111. 315,

11111111. *13‚219. 111 111 Μ111111111111 11111 111011111011Ρ11111111111111111, 111. 111111
1111111, 111 111111 11111111111 1111111, 111111111111111111811111111; 111 har 11111 1111

8111 111111 811111111111111111111. - ilidii-up, 1. l. April.
1111111. 1 1111111, 1111111111 11111 1. 13.

11111111- *13,220. 1111111111 lmus, Francorum 111, 1111111111111 regi, 111 ex relatione
Pelri Suauenii 111111 (211111111111 llius 111 bellum 1111111, 1111111 millia aureorum 11

proximum 11111111 Ρ1111111111 111111111111111111. - 111111111111111111111, calendis Aprilis.
iuniorem. 111 (111111111111. 111. 189-90.

2. 1111111. *13‚221. Ρ118111111111111111111.11111110111111111111111, 11111 11101111
1111 1111 111 111111111111 ham 0111111111, 1111111111 111 1111111 111 arrige 111111
mollem 811111 11 11111111 11 111 111111 11111 vande 11111111 iram. - For 01111,

1111111 11111 11111111 1111.
1111111111. 1111111. 111. 116-17.

4, Aprum, 8119, liiplomriar. 1111111. Ι1111. roi-705.

i. Aprilis. 'lam Ρ11 Silili) 11 ‘liii 0111111111111111.Μ1111101111111111111, 11 111 liare
111113011111111111 11 6 111111111111 111 111 1111 1111111 1111 111111111111 flans 110111,
men 11 11 11101111 111111 ille 111111 11111111 ham 111111 411111. - For 01111,

1111111 y Ρ11111 111.
11111111111. 1111111111. 111-18.

5, Aprilis. *13,223. 1111111111111. 11111111 (111111111111111111111, 11111 illudar-ens, pru
1111111110111111111111 Ρ1111Μ11111111 11 8111111111 11111111111 111111111 111 8111111, 11

1111 11111 1111111111ῐί 11111111111.- 111111111111, 11111111 1111 1111111 Ρ11111 111.
1111111 11111111 1. 111111 lll. 205-206.

11111111, ‘13‚224. 11111 1111111111. 11111111111. 011111 1111111 1111111111 111 og givet ham
11111 11111111 11 111 vigens 111, 1111111111 11111111 1111 1111 100 llari i 111111, .-
Basilice, 111111110111111111111111. ·
1111 1 11111111 111111111.111111 111. 338.

 

