Kosa 0111111111111111. ’ 1679

.-—.—.- - ———--— -—

11111 1111111111, 111111111111, 111111111 111 11111111 11111 111111 iffi·

11111 0111115000 111 8111. -0111111, 111111111 1111 1111111 1111
xi 1111111 1111111 11111111 V 142.

11111111111111111, 1111111111 11181111111111, 11111111 111 11111111 6. tulit.
11, 1111111111 1181111111111. - odonis, 111111111111 11111111 sanctor.

dt. 1 1111111 11111111 11111111 V. 111.

111 011111, 1111111111 111.111111·“11111111111 surlange 111 111111 11111- 6. tulit.
Troiie 11111111 11 111 111111 1111111111 11111 111111111 111 811111. -

iuli. (8111111
111111-1111111,1111111111111 0111111111 1. 4311.

*en 111111111111 0111111 8111111 11111111111111 1111111111 1111111111 11111.
111111, 1111111 1111111111 Heidelberg metiens 111111111111 111111111 11

1 11111111111111111111 111111111 111 1111111111111111 111 1111111111

ia 01111 11 11111111111111111 111011111111111101111111111, 11 11 11

11111111 811111 1111 1111111 111 11111 111111 11111111 111111-111

tulii. 111111.)

'sits 11111111111111111 Wulisnwsvsr iii. 410.

1 1111111111 1111111111 1111111 1111111 1111111 011111111111111 1111111 16111111.
have 11111 111111 instrui 1111111111 sig 1, 11 1111111 011111111111111

1 11111 1111, 11 11 1111 1111, 1111 1111111111111 med 111111111111

ithaci, 1011111111 nach visitationis 1111111.

11111111 1 111111, 111111 11111111111 Wulisnwsssr 111. 381.

11111111111111111 111111 11111111111111111111Μ11111111111111, 11 i. tutti. ¹
1111111111111111111111 011111 111 11111111 sistier, 1111 1111 111
1111111111ς man 111111 1111111 111111 1111111, 111111111111111 sende.

111 11 visitationis. 1111111111.)

iudan-titillet. 111111111111161111111111 1131 35. Brudst. 1 1111101111. 11111111-
11111, 0111111 111111 1. sss-45 11 1 Pilutus-suites, 0111111111111111111 11111·
11111 8111118506,

1111111 11111 11111111 11 81111111 8111111111 111 11111 Christian 111., stulti.

, 11 1111 iiis er 1111111111 til 11 yde Hjoeip tii ham, 11 11111111 tii sit

,1111111111 11111 0111111111 11. 1111111111111811111, 1111111111111

111111111111111111111 111 1111Ρι·11111111; 111 1111111 1111111111 med

Wsimar‚ 0111111111 11111111.

111 Udi. i 111111, 11111111 untes 111111 Wullsnwsssr iii. 411.

11111 Passis 11 1111111111 1111111111 111111111111111 1181111111, athan 111111-

ς(1111111111111181111111111111111111111111111111111), 11111111- ltingustt.

111111 11111 11111111 1111111. - 0111 Datum. (111111

1111. 111111. 11111111, 111111111111111110111111111 111. tsi-48.

sss 1111111, Μ1111111111111, 1111111111 111 1111111111111161111011 11111,
1111111 1111 1111 11111 Cordi Pendings 1111111111. - olitoris, 11111111

inis 111111.
11. i 1111111 11111111 31111111. 142.

 

