1422 Κο11 1111111111 1111 111111.

——-- .-. —...--—--—--..--.——-- - ,-

1521311, ’12121 (11113111111111 8111111111 111 111111 11111 111111, 11111 111 111. 1 11-

1111111 ham, 11 111 iader prenie 11311 111311 1 1111111111, 11111 111 1113111111 111

1111311111 11111111, 1111 111 1111111111 1 811113-11111111111, 111 purificationis. 18111111
11111111, 11111111. 111-111111. S. 11. 1111111. 111. Sinuri 11111 111198. (1111111 111
1111111 1131111111 111. 42-43,

11. 1111, 7748, 0. 11111111, [1111111111 [1111111111111111 1. 3118-69. Udi iPontoppidan‚ 0113.11111111111
8. 129-30.

ii· Febr. '12,028. 1111111 111111, 1111111, 1111111 11111111111111111111131, at 1111311 111
11111 1111 111111 111, 1111111111 1111111111 1111111 1111111111, 1311111 ham 111111111
11111111111111111111111111113 praui 11111111 benet. - 1111911, 11111111 1. 11111111

dag’ um m 1111111111.1111113,11.800-801. 111111111111111011111111111111111111111118127-

9. Febr. 77110. 0111111111. 1111113. iiiii. 5111-61.

111111. ’12,029. 111111 11111111 1111111111. 1113110111, 11111111 1111111 13 111. Μ111
11111111 11 1111111111 1111 111111111111111) 11111111 11111111311111 1111111111 1111131;
1111111111 11111111 11311 1111111 111 11 11111111 1111111131111111111 Ν111 (1111111111,
111 111113111 som 11311 111 1111118111 111 31111 113 1111113 1 1111111111. - ipsam,

1111113111 11111 111111 sigfridi. 18111111
1111111111 1111111 1131111111111. 111-59.

111. Febr. ⁸12‚030. 111113111111111 8111111111 111 111 11111311 11111111 Magnus i 811111, 111.
’1111111111111 13 11 111131 1131111111 1 1111113111111, 11111111 111 1111111 1111 11
11111111 11 1111111 11111113111111111 111 iligen, orn 1111111111 1111111 113 11111111-

11111113. - ipsam, 111113111 11111111 Petri 11 cathedram. (51311531
1111111 111 11111111131111111111. 61-67. “

21. 1111. ’12,031. 111113 (1111111111111111113 11111111 1111111111 111. 1111311111311111
111111111111 void, 11111 1111111111 111 11311, 111 11111 1111111111 sine 81111111111

11111111 11111111. - 111111, 111111311111111111 11 cathedram. (svensk.)
11111111 111 1111111 1131111111 11. 69-10.

11. 1111. ’12,032. 111113 11111111 1111311111 1111111111113111111, 1111111111 pua 11111113,
1111 1111 void, 111111111311111111811111111111111111111 11311, han 1111111111
111111 1111 1111 8111111111 1111111 1 11111111. - 111111, 1111113111 111 Petri 11

cathedram. 15111111
11111111 111 1111111 1113111111 111. 68-69.

111111. ’12,033. 1111111131111, 1181111111 111111, 1111111111 8111111111 maliem Seuerin
Norby 13 11113 1111111 111 1111131 11111 11111111 811111, 11 1111111111 1 8111111111] som

Srrover. 11 1131111 Mathia apostoli. (Qasr,
(1111111111 111111111311111111 iv. 76-77.

111111. ·12‚034. 1111111111 1111111111 1111131111 111 11113111 1 1111111113 ar sin 11.

11111111 111 11131113 81111111. - 1111111, 111 1131 11111111 apostoli. (pflauydsrj
1111111113, 111111111111 11111111111111111111111111 1811 S. 1-2.

11. 1111. ’12131 11111 111 111 111 1111311111111111, 11111 11111111 11111111111111 1111111111

1131111111 1111 11113 1111111111 1111111. - 1111111111, 25. Febr. mmm,
1111 1 1111111 1111111111. fleury 1111. lv, 2. &1³02

 

