956 Korrr¹ Η1113.

17455111· 1851. 1113133 111133 1 Anthus krrndgjur 31 131113 13311331 1111131 Cristiern 33

1331331311 1113 1113313133 1131331333113, 11331 33 Μ3313113111311133, 31 11313313 31 1311133,
3313 11113 3333 11113, 313113 13313 111 131113113313111, 8131333333 331311, 331111 1131311133,

-.——-—---

1131331313, 83131333 33 1113111331 1111131131 3331 1111313 131 8113113131. - Then 113133 “

3331131 333313 1131113 133133313311. ·
1111113111, 111131. 1311. Anthus 1. 55-511.

11131 1852. 11333 111113Ι 13313113111311311111 1131333333, 331311311133111 1111 1311113133- 1

18. 13111.

1113131.)
1131331313. 1131111311. 690.
18111111· 1853. 11333 111113 31311331311333111331313 Ρ1111133131.- 1131333, feria 4. 3311
33131313 visitat. 11131113.
1111. 11111311. Nor 111, 8. 8.,11.

1813111. 1854. 11333 111113· 331133 11131, 311313333311313 1111113331 1 1131333 3133 bruge
de dem 31111113313 113333131133 1111133131, 131111 han 133 1331133 3131 ens med 113333-

333. - 0113, 1333133133 3331 fyrer sancte Μ3133131313311 3 113113 3313 rikis 11313 Ν311313. ,

 

31313133 313 8131133131333 3113133 1111133131. - 131 3113131311 noue 1311313311, 3133 113333. r

1333 33 1131313313 apostolorum. (1131131311
1131333131. 1131133111636-31. 1113111111. 11113311. 1131 111, 3. S. 11.

18111111. ’1855 8113513133 11313 311133111313 1311333331 11333 11333 J'us patronatus

11111133 111113, 11131111 1133333131 1133113313 1313111313 1131131131 313 1131. - 111 ciuitate ’
81133311, decimu octaua die mensis 111111. ‘Nom Ι

[1131333131. 1131133. 1. 683.
331113. 4830 33 ’1853

13111111. ’1858 81333133 1133311131 33 1131133 1133311111 318133113 33 11313131] give [201. 1
313313133 1311111331111311131 11131 11113331131131333118133113 33 11313133 111 11111333 r

Ι31331331113133.-81316311313, 313 1333 3333111333ὴί 133 heiligen 33331313. (ΡΙ31131311
1133131133, 1133333313 111. 3328.

1313111. ’1851 111113 8113313311, 31331113 831313333313, 11131331· 1333511333, hans Frue 33

8313 11331311. - 1111131311, 113 3133311133331311.
1131331, ram. Rorenkranu'r 11131. 1, 11131331. 8164.

⁴ 2113111. ’78581ς48303 83113113, [1131333131131311333131333331.6119-60.

3113111. ’18511 1113311133 13111333111311 (Thou 313113131 1111 Μ33131333 113113131131 sin
1133113313 1131 33 heder 113313 33 1133133 Μ331, 111. 1111131 11131333, 3111331313 111 sig, ..

8133113113, 1333313333 333133131333313 013113 dagh. (svam
Schrader, 1133333313 1131333133 8133333 S. 54-55.

3111311311. 1860. 11333 111113· 1133111131 1 33 833 31311331 831333133113 33 113311 i Ambus
33 1111113133 1831 11133131, 11131131 3131133133 131 11311133 11313313 311331111113311131 181111
3113131111311311, 8131333333 33 1131333311, eamr mod 311 11333 83131133 ar morde

13311331 111 1131111333 111333333 (13311 33 31 113333 8131 111 81113131 33 1113111333, ..

813311111311111331331111111133 11311, S. 13111313 133 31 vincula.
1111113111, 11131. 1311, 13111113 1. 56-51,

 

