11111111. ' 1111

13 flans 3111111111 1111 11 11111113111 13 811111111111 111 8111111, Sffiqvhr·
1111 11111, 13 3111 8111131111 111 11 111 111111111113, 111 111 81111
111 have 11131 11 11131113111111111311 11 11 1111113 1111 111 11111

inq, 11111111 113 11111111111111.

1111113111111111 11. 117. 111111 111 111111 111111, 1111111111. 113. 1111111.
-14

1111111111, 111 111. 11111111 11311 S. 103-401, 111111 11131131 111 1541. 21. 1111111.

..-—

11 1111111111 1111111113, 11131111111111111111 11311111, 113111111 novbr.

g 111111 11131111, m. m. — [mennatum. (811111.)
111. 111. 81111 11111. 1111219--21Ι

1111 1111111111 1111111111 Fru 11111 1111. 8111 ’1111111111 113111111 1111111.
11111111 11111111 Μ111111 111111113;11111 1111111 811111111111111111,
11 1311111131111111113111 11111111. - 71111111, 11111311 11111111

1811111.)
111. 111. 81111. 11111111. 229—81.

1111111, 111111111111111 111, 1111113 S. 21-22. 20. 111111.

1111111 8111111111, 111111 111111 1111111, 11311 1111111111111, 11 2611111·
11 011111111 1111111 1111111111 13 1111111111. - Spielleropz 111111,

gi.. 1111111111 11111 1181-116.

1113 11111111 11111111 11 11111 1111111111111111111111 111111 11111 2811111·
Rosenkrantz· i 1111111111 1 Susum 111111111111111, 111 vilhelm
1111 111 11111111, 13 111 1111111111 11 1111 111111 11 111113 111111

11111. - 61111111, 11113111111111111. 1111111111.)
nau, Gmh. 1111111 S. 267. 111111, 1111111111 111111-111111111111 8. 586.

1311111 11111111 1111 11 11111 111111111 111 1131 111111 11111 hans
111 1111113111 1311311111111111 1111111 111 81111 1 811111 1111

1, 111 111111111 11 131111 11131 8111131- 1111111111δὶ1.
1 11111 81111111, 1111131111 11111. 1. 67-68.

1111111, 111111111111Μ111 111111111111. - 1111113. 11111 11111111).
1111111111 81111311 vl. 755-56.

31111111 11 11311 (111111 1 [1111111111 1111111 8. 111111 11111111 13

’(11511131111, 81111111. 111. 11111111. W. 372 131 1113111111 11111111111111111 1790

96.

:nahah over 11 1 1111111113 11111111111111111111 af 111 1113111311

81111113111111 1506. - 11111111. 1111111111.)
1111, 11111111111111 11111113111111. 30-32.

111111111131-11111131111111111311. 1111111 11 1111111 ssndes: 1111311

1111111111 1111111111 11311. ¹
1, 1111111111 nolens-Archiv. 1111131111. 11. 31118,

 

