1525.

1. 1611111111,

18. Aprilis.

18. Aprilis.

19. Aprilis.

21. 11111111.

21. Aprilis.

22. Aprilis

23. Aprilis.

23. Aprilis.

23. Aprilis.

-————.

ἡ11113. 11111111 1111111111111111111111111101111111 scribit, ι11111111111111
ceperunt 11111111 latorem litterarum 81111111 cum litteris 1111 111131101111111111,
1111011111111111 111 cepit aiiquar 111111111111111 1111111111311111 in 11111 111111,
quod 111 fredericus 11111111 111 pluribus 1111111 11 principibus 11 1111111111. -

vigesima Pasche.
1111. 1 flandi. 111. 81111. 11111. xiiii. 279-80.

*11.514. 11113 11111111 i. 111111111Μ.111311811111113 iil 111111 1111111111
1111 AErkebisiop 11111. - Seqebrrq, den 18. 11111. ·

1111. 1 1111111111, 01111. Rigor 11111. 81275111111113. vlu. 901.

*11,515. 11111 11111111 11111111111131111111111. indsiaendig iil 1111111111-
111111113 111111311111 11111 81111 Norhy 13 111311· 1111 111 1111111111 81111113111
111111. - 1111111, 111 1113111131 11 1111111111. 1111111111

1111. par 01111 1 11111, 01 111 nord. 1113111 11111. V. 211, 1111. S. 347, 1111111

’11,516. 8111111111 11 Μ111, 01111 13 1111111 11111111 11111311111111111
11111111 111 11113 11111111 [11131111111111 11131111 11 111111 11111 11111 11111111, iris
han 1111111111 1111 111111; 11111111, 1 1111111 11111 111 11111111111111111,11111
111 1111111 11 11131111 mollem 811113, Ν1131 13 01111111 1311 111111 811111, 11111
1111111111, 11 8111111 111111 1111111 11113 christierni 111111 Μ111 - 1111111111
111111 111 1111. - 1111111131 111111. 18111111

0111111111. 01111111. 11. 54-55. flandi. 111. 81111. 11111. xxii. '1-9.

*1i,5l1. 1111311111111111. 11111111 8113111111 13 11111 11111111, ri 11
111 11111131 Ciaus 1111111113 11 1111111111 dem 11 81111111111111 111811111181111131
1111111111113111111133111, 11111 11811111 1111111113 11111111111111111 111 at lade hauriri
passere 31111111 1111 01111. - Lyra, 11111111311111111 heyiigen 01111113. (irrisi-i

0111111111. 1111113. 111. 504, 111131. 111. 1106.

*11,518. 1111111 1111111 11111111111111111 1111111113 orn 11 111113 11111111
1111111111 1111111113 melium 1111111381111 11111111) 81111; 111 1111111111 11111111
111111[11111111131111811111110111111111111.-11111311111 Ρ111111.11111111111

1111111111111111111 i. 111111311111 1111111111 11. 128.

11,.519 11113111111111111111111111.111111111111111111131,1111111111111,

111111311 Rigor 11111 111111131111111 8111111111 1111111111111 11116111 13111· 111 ’

heder 1111 1111111111 11111 1111111111011111111311111 111111111111131113,1311111
ham Oprejrning‚ 111 11111111 111111 1111131- Pau 11111111 Goirorpp, 11311113111111

1111111 11111 113. .
1111111 11131111 1111111111 ΙΙ. 269. 0111111111. 1111113111. 505.

7507, 11111,11111111111111111826,1.93-94. 1111111. 131111. 18111111811111111
, 81111111111111111111111111111111111.242-43. 1111. og 1111111111 11111111
111 nord. 1131111111. 11. 20-22,1111. 8347, 1111.1’1“.

*11‚520(='1577), For 8111111111111 23. Aprilis.
011111 111 1111111 1131111111 11. 91-109,

*11,521. 11113 (1111111 8111111111 11111111111111111111, [11111 1 11111111, 11111111
11111 med, 11 hvis 111130111111111, som 11 [11111111111111111 1111 Μ131, 1111111111
111 811113 13111, 111 011111131111111111311111 1111111111 1111111111 end 111111- 11111

dominica 011111111311111.(3,,,1,1

11118111111111 diarii 1111111 1111111111111111 0111111 l 111-13 omniu
11111111131111111111.94-96,

1
1
1
1
1

 

