Κ6116 emmau 6611 16116111. 925

1. 1 1111660661611161. d. 66111111.-116111.-1611661. 6611116111. 11161. 21. 1141183110-

63 (1661611161 Vidisse 6181101116161 61 22. 06111. 1472 61161 116 2111611111·

16116. -ω 0999666106, 1131116 666611 0610616661 apostoli 61 martyris.
16611, 1666116066 11111. Ι. 211-27,

6111666 (1111116,1111111111, 1111166161 63 0111111 111 11111116616611616111111 23- 11161111
106111 161 1616 1666 01610 111 066 660 0601636116 61 66316 6616116 .
, 666 06 1616 3166 166. - 8196169116, 666 666606 0611616661

1116111061.)
1061111, 01116661611661 11661161366661. 611-12. ’

663 (1661611111 161631 det 1161611460 0101666 63 66 6111606 06660161 166 21. 111110-
66 1106161116 26616161 1166 1161601 1161160 161 11,060 06111 11111, 66616066
111 (116116 166 11666106 61666 63 Ρ61116666666 16116166 660 2000 1116111,
1613 1616 166 0111116016. - 81616 8696161916, 666 11111636 66 16611

1 066 11101366 1111661616. 1111111011.)
11111666, 0161666111. 0111606161611111 8. 361-62.

663 (1661111161 [1661661161 1166116111 06610 66011111336606 111 01601666 211. 1636611.
10610116101611161166661 161 10000 1116111 11111, 111 1601616 61161 61

16. - 81616 8696161911, 666 11130636 66 0611616661· apostoli. (1161190111.)
6110666, 0161661616. 0111606111111111111 8. 363-61.

1111116 1111661 111111, 1161361 1 1116166166, 1161361 111 111. Gregorius 26. 1636611.
1 160 S. 11116161111116 6666661601, 66 061 61 616 (16610 611 161 Ρ116-

618636. - 11606366 111161601161111660 0611616661 dag.
1 10616611, 1161661661 016166116166 1. 211.

16666, 1161160 61161 611631 1113661161 611061 1116311113 6111111611 11116611 29. Augusti.
16111161666611 1661161161116 6106666111336, 11611100616 63 1611 86606160
11661 63 11661613 016101161161061 610661 661166 11663 1111160616 63
11110061616161 13166113 6311611166. - 8696116196, 666 daghe 0666116-

6611 baptiste. 1216010111
16611166, 0111666161. 01116116161111111118.304-12. 86106116, 011166116116111 116111·
16136666 1. 613-24. 011660661611161. d. 16116111.·116161-1166611. (1661111161. 11. 294-303.

1663 0111161666 1166 1 66 81110 661166 11611611 11166161 63 1161166 1. 661116
116 6636666061116366 61 66 8161. - [sp 11116661 11616 86961696, 1116611

0161110111 ’

111111 1111 8111616· 660111616636161. 011 1166631116111. 196-01. 011661666661.
1.11116611.-116111.-1611661. 1166611611. 111. 119-20.

11663 0116611111 66061161161 Maurus 1111111611, 0616066660 1 0661161160, 1. septbr
111116 6011601 111316 66, 6111663611 1611616061 61 ’163 660 516113, 63

11181616 61116101611116666 01 611601610 1816666 16616061166 1 06666

166 01011660161386606366 11116101611111 vag (15. (131333), .. Ex mmo

116 6606116116 1116116 11131611 gloriose.

11110166, 0161666161. 81660616161161 8. 312-73.

11663 0611611611 6611116161 111. 016161111116111011066106166), 6181611 Stura 7· septbr.
660 116666 1816113 63 6011161161 1161111316, 6111663611 111 11106 1116066

 

 

 

