1718 Kone 01111111 1111111111.

1536.

28. nartn. ⁶14‚669. 111111111111111111111111 11111 111 111111 1111 christian iii. 1111
111, 111111111111 111111111 11111, 11 1111111111 ham 111 1111111111 1111111. - (28.

, 111.) (1111.) .

1111. 11 111111. 1 1111111111 ’1111111111111111111 234-37.

1111111111. ’14,610. 11111111111111111, 11111111 811111 1111111111, 111111111111111111

11111111111111111, 111811111111111, 1118111111111111111111111111111 111. - 11111111,
111111111 1111111111 1111 11111 11111111111111.
111111 11111111 vi. 275.

1,,10 v, ’14,611. 11111111 ,111111 11111111 1181111111 1111111111 om de 11111111111, 111
Aprili. 1111111 1111 Christian ΙΙΙ. 111 111111 11111111 11111111 med de 111111 11111111111111

1111111, 1111111 1111111111 111 11111111, 1111111111 111111111111 11 111111111 1111111

1111110111111111 il. - 1111011111. (iiiiii-i
111. 1111111, 11111111 unior 111111 1111111111111. 512.

2. mm.. ’14,6’12. 11111 cummunis 1111 111 ’1111111 1111, 11111 111 1111111111, athan
1111 111111111 1111111 11 8111111111 111111111111 11111 111111 1111111111111111111 1111111,

11111111 1111 111111111 1111111111. — 1111111111, 11111111 iudica.
Diplomutar. 111111. 111. 829.

2. Aprilis. ’14,613. 11111111 1111111, 8111111111111 1 111111111111, 11111111111111 (11111

Schenck tii i iiejserens og Piaizgrev Frederiis Navn 111111113000 Μ111 (111 ’1111111111

11111111). - 61111111 1111111 1111111111. (11111111.)
’ 1111111111, 11111. 111 relations 111. S. 536-37.

3. Apulis. ’14,614. 1111 1111111111 111. 11111111 81111111 1111111 11 11111111 111 11111111,

111. 111111 11111, 11 1111 1111 1111111111 111111. ·- 1111111111, 2. 11111 post 111111.
111. i 111111 11111111 3.,1111111 V. 297.

3. Amph, *14,675. 11111, 01111 1111111111, 1111111, 01111 11 1111111111, 11 0111111111
pmcn, Kejser 1111 V's Kommissaerer i limburg, 11111111 11111 Christian ΙΙΙ. 111 11
111111 1111111111 1 1111111111111111, 1111111111 111 1111111111 11111111 1111111111

hans 1111111111111 1111111111111. - 1111111111, 111 1111111 1111 Aprilis. (11111.)
Palation-Miller, 1111111111111 01111111111 1510-δὲ.

3. mm.. *14,676. 111111111111111111111111111111811111111111111, 11111111 11111111)
111 11111111-11111111111 (111111), 11111 111111 1111 111 1111111111 111111 mod Sejiads ·

1111111111 1111111111 11 11111111111111 81111111 1111111. - (3. April.) (1111111111.)
111. 1 11111111 111 Charieis 11 1111111111 11 11111111 1111111 1. 11111111 111. 111-10.

4, Aprilis. *14,6ii. 1111 11111, 111111 1 0111, 111111111111111 111111111111 AErkebisiop
0iui i Trondhjem i Aniedning 11 111 1111111111 11 11111 1111 11 11111111111 11111
(111111111111, 1111111111 111 11111111, 1 111 11111111 ham 11111111111111 11111111

11111. - Troadem, 111111 Ambrosii episcopi 11 confessoris.
iiipiomatur. 111111. vii. iii—78.

4, Aprilis. ·14‚678. 111 11111111 11111 1111111111 11111 1111111111111111111111 1181111111,
11 11 111111 11111111, som 1111 11111111111111, 1111111111111111111111 1111118111(

11111111 1 111111111 1111111111 1111111111 111111111111111111111111111.-4.111111. (11111.)
111111. 11 111, 1 Waltz, 11111111 unior 111111 11111111111111. 539.

 

