8. 1111111,

9. 111111.

11. 1111111.

G. 11. 111111,

1542 11111 11111111 111 111111.

*13‚112. 1113 (111111 111111111113111111111 1311111111 1 1111111, 1111111-
1111111611111, 1111 1111111, 111111 111111 1181111131111111111Μ111111, 111 111
111111111 11111111, 11111 11111 11111111 113 11111131111111111 1311111111111111111
1111111311, 11 1111111 11111111 111 111131 1111111111111111 1111113 811111, 1311 ,1111111111
1111111111 1111113111 0111111 11111111111111111 11111113 11111; 1111 111111 1111 111
ikke 11 1111 113 1111111 1111111111111111113811111111. -8111111111111111, 111111311

1111 111 11111111. · (811111.)
8111111111, 1111111111, 1111113111. 14. 1111111111. 11111111. 11. 196-98 [her 1111
Datum: 11111311 111 11111111. . ·

8081, 1111111111. 111113. vlu. 680-81.

’13‚113. 1113 (1111111111 ΙΙ. 111111111 1111111111 111111 111111, 11 han 11

11111111 111 1111111111 13 111111 111111111111111111110111111 113 10111. - 111 portu Ι

nostro 0111111111, lx. die Novemb.
111111111, 111111. 1113111111. 1111111 (11111113. 1111166-61.)

’13111 1113 11111111 Ι. 11111111 1111111 111111 11 1311 1111111111 11111 11111

1111111, 11. 1111111111111 11111111111111111111111. — Hadersloff, 111111 Martini 113.
1111111 11131111 1111111111. 242—43. Udt. 1 111111 1111111111, 111113111111111. l. 81.

*13,115. 1113 11111111 l. 11111111 111311111111, 11111 13 11113111 1 8111311
11111 1111111111111111111111111 8111131111111111 1111111111 15 1111131 11111, 11111111111
11 11131111111 13 11 1111111111, med 1111111 13 1111131, 111 11111111131111 011131-
111111, 1111 111311 13111 11 1111111 1111 11113 (1111111111.- 11111111111111111, 111111

1111111111 dag. Μὰρ smnus„ lv, 111-16,

’13111 11131111111111. 1111111111 111311111111 13 11131111 1111111, 11 13111
1111111111 11. Hermen Schomaker er 1111111 11111 111111111 1111111111, 11 111131 11.

1111111111 11111111 11111111111111111. - 1111111111, 111 113111Μ111111. (1111111111
Ny 1111111111, 111111131111.196-91.

·13‚117. 111311111111111111113 111 111 1111111111111311111 111 1111111111111311

111 111111111 111111 11113113 1111113 1111111111, - 11 Hadersloff, 11111 Martini.
1111111111 11131111 Vl. 113-14.

·13.118. Det i 1111111111 1111111111 11111111 1111111111 1113 11111111 11 1111
1111111111 1111111131111113111, 1111111111111, 1111111111 11111111 1113 christiam

31111111111. - 111 1111111111 11111 Martini.)
1111111111131111 vl. 115. ι

*13,119. 11113 1111111111 Ι’1 11111111 111 111 111111111111111111111111311111, 111111
111 1111113111 11311 11 11311111111111311111 111111111111111111181111111 og summ
1111 111111111, 11111 11111111111111 11111111, 1111113 13 1111311113 111 at 11111 111111;
111111111, 11111 111111131111111111111 1111111111111111 1111111311, som flejgmn

131113111111111 11111131 113, 13 som 111113 11111 111111111 1 Fyrstendommerne 111

1111131. - 111 1111111111 11111 Martini.)
11111111111113111111116-119. (8111111113111111111311111111111 N1,·13‚118)‚

 

