1478 Koma 11111111 111 111111.

——-——————. ..-—--—--— - -—--—- -—

1529.

11111111· ‘12,538. 1111111111111111, 1111111, 111111111111111, 111111111111111111-
1111111, 11111111111111111111111111 mod, 11111111111111111 1111111111 1111111 1111111-
111111111, 111 111 1111111111111 8111, 111 111111111111111, 11 11111111 Μ11111111111

1111111111 11111111 111. - Bocchennraa, torsdagen 1111 11111111.
[1111111111. 111111. 11. 8117-8118.

11111111. 7920, 1111111 1 1111111. 1111111. 11111111 111. 298.

13-11111 ·12,539. 1111111111111. 11111111111 11111 611111 111, 11 11111111111111111111
311111 11111 11111111 1111111111 1111 givet 11. 111111 111111, 1111111 Mogens 11 51111
1111111111, 111111111111111 111 111 1111111, og 11111 111 111111 den, hvis 11111
011111111111111111. - 1111111111, 11111111 11111111111. 1111111 apostoli 111.

1111111111 1111111 1111111111 11. 395-96. “

11· 11111· *12‚540. 1111111111111, 11111111 1811111111 og 8111111111111 1111111111, 11111111

81111111, 11111 1111111111, 11611111111111111 1111111111 1111111 111011111111111

11111111 11111111, 11111111111111, 11 8111111111111111111111111 111 11111111, 1111 ’

1111111111 Longe 11111 1 11111111, -· 1111111, 11111111 11111 111 111111 111111111111.
ὓ 1111111111. 111111. 111808.

1111111 '12,541. 1111 1111111111 11111111 1111111111 (11111111 11111111, 11111 11111-
11111181111111111111. Vincentius Lunges Udsagn, 111111 11111111 1111111 11111 AErke-
11111111111111, og heder denne 111 11 1111 111 11111111111111. vincentius 1111111
111 111 11111111111111111111 1 111111, 1111111 11111111, 11111 111111111111111111111
1111111, 111111 111 811 1111111 1111111111.-- 111111111111111111111111, 111 beatorum

Viti 11 Modesti.
Dlplomatar. 1111111. vll. ’111-12.

1111111· ’12141 11111111111111111 11111111111111111111, 11111 og Menighed i Trenehorg,
111111111111 11111111111111111 1111111111111 1111111111111 11 bygning· 111111
By, som 111 111 bruges i 11111111111111111111. - 11111111, 11111111111111111 111111

11111111.
1111 1 1111111111 811111. 1. 409.

1111111· ‘12,543. 11111111 11111111111111111111111101111111 1111111, 11 111 1111 1111-
11111111111111 11111111, 1111 111 111111 ham, 11 1111111 11111111 8111 fulget med
1111111111 811111111, 11111 11111 1111111 111111111111111111 111 ham 11111111111111111,
1111111111111111111111, 11111. 1111111111111111111111111, 111 111111 11111 111111

11111 11111111. - Ex 1111111, 1111 111 sanctorum viti et Modesti.
1111111111. 111111. 111. 712-13.

11. 111111. 112,5441τ.79331, 11116. 0111111111 16. 1111.

111111. ·12‚545. 1111111111 111111111111111111111111111111 og 1111 11111111 111 1111111-
linger med Kong (111111, 1111111 11 1111111 111 11 1111111 1111111111 111 Vigen. - 1111

1111111111 1111111.
1111111111, 111111. 1111111111. S. 1314 (Kvartudg. Vm. 178-80).

111111. ’12141 11111 1111111111. 111111111111111111111111111111, athan, 11111111
1111111111 1111111111 11111111, 11 1111111 11111111111111 111111111111 1111111111111,
1111111111 111 11111111 111 8111111111 1111111111 med 11111 111111 1111111111111111
11111111111111 om Rigernes Anliggender, 1111111, 111111111111111 111 1111111 11111

11111111. - 1111111111 nostro 11111111, 1111111 11111 1111111111111111.
1111111111. 111111. vlu. 604-605.

 

