1458 110110 00000101 0011 000010.

25-11111· ’12 351. 11003 0110111111. 1011011100οο 1 ’11000111οῐ00 1110000011 101 0000 1011131100
1110100311001003101000 03 0111110101, 01000 ikke 0101 001000 003000100310110, 00011100
010010 80010101 10101001 111 110130. - 01101101 1101, 000011 1000111 00001011 003.
0101001οῑ111 0011031117Οο
21111111. ’,12352 01. (10101 Το11011010 03 01. 01001010011110 1110100 01 11010 (00010301
010100001010000 3001110111 01. 0100101 111110 11 1100000131 1110010000 0100011000030 med
1100101. - 000 0101100031100 003001 na 1000111 00001011. 1010111001.)
80100110, 0101001101001 010000013000011. 215. ,
211. 10111. ’12350 11003 (100111 000001 111. 811330 11100000, 11101100 0100131001, 03 0010
01 0001001110 01300 000001 1010011101 101 dem 0011032110 00100001 111 (101 0110110 1110001
nodosa. - 20011000, 12010110, 1810001.)
000101 000 11010100 0031000101 V. 110.

1001111111. ’10351 11003 600111 11111000031101 00811330111010000 03 ,0010 01 1100010110

0130100001 01011101010010100 med, 01 11101100 11003 01000111( 0110100001010 0130100001 ’

011010010 0000110 11001010 111 0010110110 Mede i 100000, 000 111 003 0011 1000000 013 03
000001000111010011101. - 10011010, 0000 003. (81000111
000101 000 11010100 003Ιο110101 V. 108-10.
3010111. ’12350 11003 1100110101. 0001001101 (10100030 00010 111 010000 000 101 650Μο11
03 100 11110010 011000. - 1101100, 101000300000101001.
001, 1 000010 11030110 0110111011. 311.Ι
10110. ’123511Ι 00030001110100111101100 101 00 0100010800001100 111 Μο001 1 11101100,
0111100 810001 811010 03 111. 0000111110, 1110001. - 0000 001010. (sumn.)
1100101000 11010100 0031001101 V. 111-14.
101101 ’12351 111110 111101110ιο0 0010300100 0116 0001101, 001 0100 1010011130 00111010-
000110010 111010 ham 1010111310. - 0000 001010.
8101, 010103 mehr. 110 11101. S. 69-10.
0. 10311111. ’12350 11003 0110011110 0010, 01 000 1010, som 113301 0000 11010103 010
Grave 03 Pone, 10110000 0100130000101 03 11000. - 80000300 01101 S. 000010 003100

‘'meula‘' 11111, 1 01110, 011011. 0011010103 S. 188—89, 0010 0113113 00010101010101 111 23. 00111001.

01103101. ’123110 0101 110 110 011111 111 0000010001, 111011 00110100, 01 01 003οΙ01
0000000100 111 300 111 00001011 1 8001111. 01101 003110001οο0 01 00101101. - zomon,

5. Aug.. 10110011
0030101 1101 10011010 000 000011. 00011101013. 8. 3163.

01030111. 7862001101 000 11010100 11031011οῑ111 V 114- 00.

(11113010 ’,.12360 01100 0100011, 0013011 [110000001010101 01 111 8000110 0000000 00101
1000 110 011110 03 10110 0101 1111101 1101100 1010 11000010 11101 1110101001111110 111100000001,
00001010 11101 11100100000001010013001100οω1101101111110, 000011 81111 01 00010100

ejus Μ’ 3111111111. 03 1111 1011101000, 1100001101οι 0101001110οω 11. 228.

7, 1181111, ·12,31)·Ῑ1.-,-7864), For 14. Augusti 1100 7. 1030011. 11110] 2. 1103. 031.

1110311111. ·12‚362. 11003 00001111 1. 0000110001 00100101001301000 0010001101ᾱο 001 8000110
00111110 Plan 0131010 011001010 1110130, 11101001 00· 1110Ιο110110 111 3110 00110010 11001100.

- 00001110000110 1101011100, 101116. 0011110010οι 11. 0001001100010.
0101010001. 001103. 111. 609.

 

