29. 1111111.

29. Martii.

29. 1111111.

Κ1116111111111 111 111111.

--φ--ῄ-μ-ῄ--κρ--ι --

*10,845. 11113 1111111111. 1111111111 1111111 011 11111 13 hans 111111111111111
6111111111111111111111111166111111116111113111111111111111111111. - Vibory,

Palme 11111113.
1111. 1 1111111111 11131111 l. 211.

10 846 Ν11116111111111111111113611111111111., 11111 111 11111131111111111
1111131113 1111111311 111 1111111111111113611111111131 ham 1111111111 13 7111111.

- 11111111, 1111 1111111131111111Ρ11111 111113.
11111, 611111311111111611. 111 13111111111166. 1111111,11111111111111 11111
1. 48.

’16841 1111111111, 611111 11 1111111111, 111111111111113 6111111111 11., at han
11161111 11611111111111111111 ikke 111 vovet 11 11111111 111 1111111111,1111 11111-
31111 113 1111 1111118111; 11111111111111311 mod de Ρ1111111,11111 1111111 111111,

1311111111111111111117]111111.--111 111111131111, sabbat. Ρ111111.

1111111,111111311111111111.3-4,Δ111.1111111. 11111113, 1111 1111111 1111111 11111.
111111111111. 587

. *10‚848. 111131111111111.11111111111111,11111111111131111117111113111.12
111 1111111131 1111111113 1111111113 11 111111 11131 111 1111111111 111131. - Vibory,

Ρ11111111113. 1111111111.)
1111111111. 1 71111111. 1111111, 3. S. 91.

¹ *10‚849. ,111111111111111111 11113 6111111111 1116111111111111 Hans 1111111111

13 61111111 111 Wir til en Rejse 1111111311 1111111111. - 1111111111 Ρ111111111.
11111111, 6111111111 111 111111 S. 1477.

’111,850. 111. 1111111111 1111111111 11111111 11111111 Hans 1111111 af 1111111113) 111
111611111111111111 13 11 11111613111111111 1111111 113 1111111111 111 11 11111111 111
8111111 1111131 111 811113, 1111111131111 111 111111 1111111311 111 1111111311 11 11111111,

’ 1311111111311111116111111111111111111161111-1113111,1111181111311. 1611111111

1111111131 1111111111 1111111311 11. 180-81.

*10‚851. 11111111 1111111111,1111111,111111111111111711111111111, 111 111 1111 111
111111 11113611111111111., 1111 1111 13 6111. - 1111111111111, 11111131 1111 emer

111111 11111131.
11111, Breve 13 111111. 111 611. 111 13 6111 11111. 1. 64,

11· , ’ *111052 Sir 1111. 1111111111 1111111111 1111111111 1111113 6111111111311 om 111

1111111 11111 011111111111113 611111111111. — 1111111111, 31. March. (Engelffl
1111. 1 1111111 1111111111. 1111111111. 111, 2. S. 1231. , θ

q ·, . *10‚853. Kaperbrev, 11111111111111111111111, 11111111111111111311 as nan-

111111 11131113 11111. -11111 Datum. ’ (1111111111
611111111111, 11111131 111111. a. 1. 11111311. 111111 31311 611. 11. 111. 38-39,

= . *10‚854. 11113 8111111111 1111111 111111 11113 6111111111 11. 111 111111 111131

1111 11111131 1113111 111 Nr. *10,7041, 111111, 113111 1111311 1111 har 11111 Traktateme
med 1111113, 311111 11111 1111331 8111111, 11111116111111111111111111111 1131131 Stau-

sager. - Uden Datum. ‘Lan-M
1111111111. 1 611111111111,1111131711111.1.1. 11111311. 111111 gagen chr, 11· m, 9
1111. 637, 111111. 19-20. ·

 

