111111 11111.

ΙῙΒἯΙΙ. 5188, Sinhorg, 8111111311 1111 8111111111. S. 399-300.

1112011111- ·8104. 1111113 1111111111 1101111111 111111111111111111 13 1111111111 1 81111131
1111111113 11, 11Ρ111111111111111 11 ai sine 111111111111111 8111111111111 8111113, 11
1111 11111111111111111111 hosdem uden 1111131111, 111111 1111 11111111 1111311111

’11111111 111111. - 6111111, 111 1131 1113111111 virginis. (1111131111
8111111111, 01111111111, 1111111111 1. 111111-11111111. 1111113111111 8111111113 111 111.

6. Augusti. *8705. 1111311111 11111113111111111111111111111 11 1111111111 13 1111111111
11111111 denfljaelp, 11111311 skal have 11 11111111 1 11131 og Liusgaard Heri-eder. -1

11111111, 1111113 1111111111 sancii 11111 113 11 vincula.
011111 11131111 3. 111111 111. 133.

1111131111. ’87011 81111111 1111111 1811111, 1111111 13 8111131 Marsi, og Μ1111 11111,
1111111,1111111111111 set Breve, 11111 111. 1111111 1111111111 111111111311 1111111311 113
111 1110111111113 11 11113111 11111111311111 11 111 11 hans 1111131111 1 811113 131
1111111111, som de have havi i 1111131 111 ham. - Sydierkopwnqi, sancte Laurensse dagh.

81111111, 1111111111 diplomatica 8111111 S. 64-65, (smmi

’8101 81111 1111111111 111111111111111101111111 Β111111 1 11111111 Sogn 1111111111

111 111 81131111’11111111111111111111 1111101111 18111111- 0111111, 1111111113 1111111111.
811111 [111 1111111. 111. 811111. 11111 XXXVI, Tilloeg S. 25.

’87011 11113 Η111 11111111 1111311111 1 1111111 11 813111 1111 pau Faisterbo

ved Siranden 1111 op 11111111111111 1111. - 1111111111111111, 111111 Μ1111111 113.
11111111, 11111. 1111, 111111 1. 89. ,

8109. 1111, 1111111111 111111 1111111111,11111111131 8111111 1 8111111, som 111
1 1111111111 sted 111 hunde 1111111113, om 11 sag 1111111111 1311 1111111111, 11111111
111111 01131111111111, 1311111101111111111111131, 111 1111111 111111 Ρ11111113111
11111111, 1113111111 et Gjaerde 1111111111 011111111 og 1111111111, som Niels 0153011 33111
1111111111 1111111131 11111 Sagen 111111 111311 13 1111111 111 1131111111 11, 111
1111111111 11111 Erilis 111 111111 1111311.- 111111111111113, lowerdaghen 1111 11111111

111111 Dionysii 1131.
111111-111111, 1111111111111. bol-502.

11, Octobr ’8710 011111111111 11111111 1111111111 8111111111 13 1111111111 {infimum an.
3111111 1131111111 1 Siyin0w; som 1111111111111 111. 1111111 11311111, 11111131 1111111

1118111113. - 11111111 1111 111111 symonis 1111111. (plauydffl
111111 11111111131113. 111. 112-13.

*sili 111311111111111111111181011, 11110111311111111111111, 1111111
11311111 11 11111 111111 dem, der 111 81111111 1111111 1111131 1111 011111 111 Μ1113111

11111111 111111111111113. - Ρ11111111111111111111111, 1111 11111 dag pregenmcionjs·
011111 11131111 3111111 111. 291.

’8711 1111311111 11111111311111Μ1111111111111111 11 1111 1111111111 111 11111

8Η1111 111 1111111 81111111 11 1111131 1111 1111111111Μ11131111ο1111111 11 8111111113.

- Ρ11 111111 11111 Kopmaniaffnn, wor Frwae 113 11111111111111.
11111111 1113111111 3. 111111 111. 193-94.

 

