1111 11111111 111 1111111. 1525

1531.

111111111111111111 1111 111111 An. 1681 heym 11. 0111111111-01111111 111111111313 5111111.
3111111111 11111111 111 01111 3111111111 1111111111, 11111. S. 20-22.

1111111111ιί 1111111 11111111 1111311111111 soban Wetke 1111111113 5- Febr·
11131111, 11111 1311111 11111 1111111111111 1113111111111 1111111111111
11111111311111 0111111111). - 8111113 nach Blasii. (l‘lattydsk.)

1111111. 13 0111 111111, 11111111 111111 1111311 1111111111 1. 191.

111111110111, 11111111 11111111, 1111111111 Μ. Μ11111 (Persen), 11111111 6· 1111-
11111 1111111111 01. Hans 1111 1111 11111 813. - Ex 1111111111, dieb.

11111111111111111111 11111111 1311111111, ’1111113 11194.

111111 11111111 1111111111 11113 (111111, 111 11113 0111111111113111111111 8111ῐέ
11 1111111 13 11 11111111111111111111, 11111113111. m. 111. - 11111111,

ι 111111111111. “ 1111111111.)

11111. 111. 11111. 11111. mlx, 20-24. · '
111111111111111111, 111111111111111 1111 111111111111111, 13 111131 101111·
1111111 01111111111111 1111111 11131111. 1111 111111 111 1111311111 11
111111111111 111111 31111 111111111111. - 111111 11111111, 1. Scholastica

1131111, om 11 1111111 11111111 S. 153-51 11111111, 011111111311 111. 11. 8-9.

111 011111111113111111, 1111111, 1111111111 have 11111111111111111111111 10· Febr·
111111 111112111111 i 1111111111, 1111111131 8131, 111111111111111.

111111 8111111111 11311.

1111111, 11111111 1111111111 11 1111311 1111111111, 81113 8.3-4.

11111 1111111111, Η113111111111111 1111111111 111 1131111111, 1111111111 111 13· 1111-
111, 111111 1111 11111 11 11 11111Η1111111111111 11113111 113111 111

- 11311111, 11111 1111111311 1111111111 1111111311.

111 8111111111, 11111111-11111111111311 om 11 111111 111111 1. 220. 1111111111,
113 1111 1111111111 111111111 1. 182.

1111111111 13 11111 1 101111 1111111111 113 111 1111111111 01111 1 131111·
1111113 1111111311111 111 11 1311111 1111111111, 11111 1111311111111111

1111 om 11 11111111 113111 den 11111111. -Am 111111 Valentini.

(Plattydsk.)
11111111. 1111113. 1111664-65.

’31111111 1111111111 11111111111111 8111111111 111111111111111, 111111 111111-
·11111311 111 11 11111 1111131 111 sin (111111, som 111 1111111 111111
11111 11113· (11111111111111, 11111111131111 ham 1111111111, 11111 1111111 .

131 11111- 111311, 11111111. jour de Feurier. (Fransk.)

01111131. 111 11111111 11111 V. 1. 422-24. 1111 1 1111111, 1111111111 111-6113
11311, 11111. 111111111111111. S. 123-24.

1311111, 111111111111 111 0113111111, 1111111111111111, 1111111111151111.
13 1111111111, 13 13 1111111111 1 011111311111111111131, 1111111

11111 111131 med 1111111 01111 1011311 13 111111 11111111 111, 110111- ·
ydea, sordi den 1133118111111 1111111, 11111 1111111111113111111111
11111111Ιί111 111 0111111111 131111111111111. 1118023), - 1111311, 11111

utar. Norveg. V. 183-81.

 

