Koun Cunssunsn 11111 Tutunus. 1625

1 .
1110011 Wusssswsusn opinrdrss 1101103 1111100111 01 110011001013 111 01 mmm· Ι
13101 inachim 11111010011113, 01 1100101 1000 1100000 (3011001110 100
110 010101011310100 111 1 1110000101 1110 01 kunnun 0101101113111111011011.

10011 assumptionis Mai-iu. 1110111101.)
iniussn-uniter, 111011110111111010101100 i. liii-62.

101018101 110 101 110011 uin 111 10 0001101010 1100001101, 111011 1011110301,
· 010 1100010110 03 Ηο1103101111001000 3100011130 1011010103010111011 03
001 1110 111 10010, 01 11010100 01101 11013001 isar 1103100 1 1)00111011;
10, hund iiusiyrstnn 111 31010 101 01 111011011011113(11111011011101111110Ι

1000011 assumptionis Muris. ¹ 111101.)
110101111. 03 Udt. 1 1111111,1ι111001001011111300 Wullsnwsssr 11. snt-303.

111 8101110 1011111011 11110 111 10 0001101010 6000111101, 111011 10131100 21. 1031011.
1100100 01 100 01 1100301013 1110010011 1810111 pan 03 001 11010110 11031-

03 (111101100010131110010101. - 21. Augusti. · 111101.)
Udt. 1 1011111111 001011113011 Wniisnwsssr 11. 303

1111111110 111011110111001001, 01101 010113 har 000101 00 [1111010103 01 1011 11103001.
ineveinjdeni3 Suchsen 03 Ηο0000 01110110 nu 101000, men 0111010 0110

11110 11011101 10110 10001310100100131. - 1101103 1113110121.
11101 Udt. 1 Wsits, 11111001 110101 111300 Wnllsnwsvsr 11. 333.

11003 (100111 010101 10 01000010 1130100101 0001010οΒ1010130. Juii, 22. Augusti.
niunden 111, 01 10 have 111101 0101 0111010101 pna 110113 (11111011οτ11 11’0
111011100311110101 111 nt 010110101113 med 11110011 03 6101 (1111010101,
31101 disse 00300 101003 111 11001111310101 03 nu 0001 01111 01111113 111

’011001110301 0111101.- Calmnme, in vigesima secunda Augusti. (suenni.)
1110100-11111101, 1111111101 111 610101011οη i. 163-114.Ι

11003 1110111 101101111. 11001101 (100001100101 pan 61111001 10110110111- 22. Augusti.
›rdre 11013000 111010 03 Bnd 111 11011113 1111100111 0111000000 0311011113
10ος 100 110101 0111 101011110103, 10111 hun 101001001111. 101010 1111100
11 ham 111 01 01001001101 10111013, 1011111010 03 1111010 1100110131011. -

1. August. 15100011
1010111-1101101,111113110101 1101011100 11. uit—40.

101111010111001111011103 111 10 000101010100001101, 11011 0110111100 23. sugunt
tetiighndnr 1 nunnus 00111 1101010103 101 100 11110 81010- 8001030

10001011. (Tydei.)
Brndstykk. i 1110111, 11100110101111300 Wnilsnwssss 11. 301.

[1011110111111001111101103 111 10 0001101010 (1000111101, 1101110101300, 2111111111- ’
011001 03110 11010 01131101 0111101 01 1010011111013101, 03 111011 110111-
00 01011010010 111 en 00101131110101101 1011111010 111301001; 001111010
1111010100 111 11101 1111101010103111110100 101 0111011103 011, 11101 111010

1011101011310100. - 101 1130 11011101011101. 1111011
110101111. 03 1111 1110111, 11111001 00101 11113011 wuilsnwsvsr 11. unt-305.

11. l. 204

 

