1514 1010 1010111111 001 101010.

lfflnu *12‚857. 101001111001 000 11101013 slot, 0001 lllichel 11010100, 181011011011111
8101101 pua 1101011101 1100110010 110300, 03 Μ. 101100 Happel, 1110010100101000101, 0101·

301111. 11101101 110000011οη0. - 'rhen 10101103 00011010 0. 11011000 dagh.
11100110 11131110 4. 1101111011. 7-9.

51101111- ¹12,858. 11003 10101011 10 11101 111 101101 1111010000, 810100111101 01011011011111
5101, 001 01 1000110 1130 111 013 03 1011111 1111010 1101101110 1100 6101110110 11100101 111101100-
11010 1111010010 1111110 03 llus 0001110301. -1101111010191, lredagenn nest 0011001001

Petri ad vincula 1113. ,
11111 1 1111101101. 80011, l. 4060310. 11101100, 1111100111οε lllplomalarlum ll. 236.

5111101111· *12,859. 610010001011 11111001110111101 10101 11003 1101101111 l. 111100111131101

110011 den 011013106011110101, 11011131011111110110.- 101100, 1101113 nach vincula l‘elri.

1100000011 1110010 1011010 ll. 187-88. (11101010011111, 11 [0030011101 111,ξάῗὲΙέ
0100111301110 103011010011 110. 10300111

11103111. *12,860. 11003 1111000101. 10301 1110100 00010111 01 6111100301, hans lllrke, 11000101,
11110110, 10111 03 6010 1 1100301131 Voern 03 0111100101 detes 11 1111113010 1100301 31100

1111103101. - [1011000101110 01011, 1011000103οη 00011010 000011 Laurentii martiris 1113.
1101000111. 1101103. lll. 802-803.

11030011. Ι 111861. 11003101010111011101111110101110, 1010100101100011013001100,11
(len 001010 Μο01 01101 11010 11 0101100 1011131011 0001 1100 11000110 03 da 11010 310103
3003101 1 1100011111, 0100 11 der 1 01011001 Fald skal 01001000 01011 11001010300. - 1101101-
0011101100, 00010300 1010 0000111001001111103. ¹

1101000111. 101103. ll. 814.

’11131011 ’11862 11003 10101011 l. 10111011110110100 0101 01 1100111010, 11101100 010111
1101300 0311000110 111110, 101010000101111013001100, 01110 0110110 1111110 11 111. 11100000
lunge den 111.1101301111110000111101100 1110110110το 1111011100 111 01101 110 10310111, 1111
(οε 111111) 111010 1110110101010. - 1101100101011101, 00010300 0001 01111 0. 1011010 (1131

111 vincula.
[1101001111. 1101103. 111. 6711-73.

1. 1111111. ’11861 1111 101001, Electus 11110011, 111. 11110101801001, 111. 11000111811101,
Η1. 100111110010101, 111. 11010100 1101111111, 1110001111111000, 03 111. (111110 111101,
11003 1101101111 10 8001101106, 010110 010100010011 med de lorsamlede 01000110 80011-
101, 11011011 11300 0101101100 11003 (100101 001100 16111. - 1101011013, 00010300 0101

011101 000011 Petri ad 1100010 (1031. “ 18001011
10301, 60011110 11101. 1010-14.

1210011011. *12,864. 10011100011 11101111011101000 11011 11011101, 11 111. 1111000000 (11111001
103011 1111011061 1100110100 000 1111110300 01 01110 ham Sagelald. - lim-„m ,· ΝΜ,

11010300 0001 01101 0. laurentii dag.
Vedel Slmonsen, 11011110-111101101010301 001 110 (1100111 110101 Ι. 203-205,

14, lugam. *12‚865. [1003101010111. 01100101101300100101, 11001 03 Menlghed i 1001110101
1100 11100101 011010001οᾱ0 000 den Bellngelse‚ 01 de 0110110 10113330 {uosmet 03110
1110011 0101 god lljobstadsbygning, 03 1110010111, 0010 00113301 111 ’10111110 1101011, 111

1111101011 1101011111 111 03 11111. —- 1103001003, 11001 11100 11111000 assumptionis,
Udt. l 8101110311 111 111001 11101. 03100031. 1239.

 

