Κ111 1111111111 1111 11111111. 1119

1111111111 111 11113311 1 1111111 111111111 1111111 1 1111111 111 11 1113133111.
1111311, 13111 1111111111 111 111311 13 1111113 Christian. - 11113111,

111 11113, 1111 111. (1111111111
11111111 11111111. rior itt, 3. S. tit-95.

11111011111111311, 1111 1111111 m. 1. 1111111 Vidisse 11 1111111111 21· (111111.

(Ni. ’116111 - 11131111, 1111131111 11111 11111111 1. calixti 1131.

1111111111111113.11. 671-76. 111 11111111 1111111 eamme 1113 1111111 at 1113
1111111111111 7. 1113111 1530 titt. ’118621 1111111. S. 616.

11111111 1111111111 1111111111 01111 111111111111 tit 11 11111111 111 11111111.
1111 81111111 1111111113 1111111 11111 Fru 1131111 13 111111 ham

1111313111 1111111. - Remmium, 111111 Severini episcopi 111111.
11111111. 1111113. 1¹. 677-78.

11111 1111111111111 11111 111 111 8113111111 1111111111, 11111 111111 11- Octobr·

der. - 8111111111, 1. symon 1111 11111111.
111 1111111111, 11111111-11111111111311 111 de 1111111 1111111. 106-101.

111 1111111111, 8111111 1111111111, 1111111 1111111111 13 01111 1111111111 21011111·
11111111 111 1111311111, 11111 S. 01111 1113 1131111 1111 istim-i
isdotther 1111 11111 111 1111111111118111111131111111111 0111111111
{medati 13111111 (1111 omitting 1111311, 1111 111 111111 1111111113
11131. - Romanitas, 1311113111 1111 11111 sanctorum symonis et

,11111111111113 ti. stt-tt.

13 111111111111. 11111111 11 111111 111 111111111111111111115441111 31011111.
1111111111 ham 111111 1111111131 111111111811111, 113 11 111 111111
11111111 111 1111111131111111 13 1111113111, 1111131 11111 111, naar
tii 1111111111, 113111311111111 1111111111 1Μ111111, som 111 111111

f 1111 nu 1111111111111111111111111.- 1111, 1111 XXX. 113 Octobris.
11111113 111 Chr. 11111111. 8183-81.

13 1111111. 1 11111111, 111111111111111113111111118.73-14 13 11111111-1111111, 2. 111111.
11111 1111311 11111 1111111131111 ⁸Sizegt S. 536-38.

3 1111111111. 11111111111 Este iiijtie, Embedsmnnd 111111311111, 1101111·
1 111111 111 111311 111111111111 med den 1111111311111111111111111111111 ,

1 81311 11111111 11]·111111111111 1111113311 11111311 13 8111111111

111 skal 113111111111113 1 stand 11111111 dem 13 1 11111111 tit·

111111 111111, 11111111111113111111, 11131111 1111111111, 111 111111.

13111 1111111111 111111111 811111 113.
utar. 1111113. 111. tta-49. 1111 11111111. 11111113. 111-96.

1111111111. 111111 8111111111 18113111 om under Este 1111111 1111311113 t. 111111.
ijobmaendene 1111 11113311, 111111111111 1111 111111111131111
111311 mere 1111 8111111111,11011111111111111, 1111 1111311111111111

stou, 1111111311 11111111111111 (11111111113111 113.
ntur. 1111113. Vi. 749. 1111. 11111111.1111111,11. 891

 

