· 1535.
4. 1111111.

1. 1115.
1111111,

ὁ. 1111111.

Post
ὃ. 1111111,

7. 1111111.

8. 1111111.

9. 1111111.

10. 1111111.

1116 Kone 0111111111 1111 1111111.

——-—-—-—- —n

’14,097. J. Wumnwmn 1111111111 11111111 11111111 111111111111111 111 11 111·
111111 811111111111111 11111111111111111111 111 11111111 sag. - 11111111, 111 111111-
daghe 1111111111111. 1111111111.)

1111111-1111111, 1111111111111 111111111111 1. 318-49.

·14‚098. 11111111111 og 11111 1 8111111111 love i Betragtning 11 111 lljaelp,
Greisswalde 1111111 dem, 1111111 og 11111 1111111111111111111 1111111 11111, 11 ville
1111181111111111111111 111111111111111111 i [11111111 1111 11111 11111111 1111111111 111
1111111111. - 1111111111111101111111 1111111 dage des 1111111 Μ11111. 1111111111

(1111111111, 111111 1111111111 d. 1111111111. (111111111111. stadt (1111111111 S. 61-61.

‘14‚099. 11111111181111111111111 111111111111 111111111111111111, 111111

Sag ikke 11 1111111 11 1111111 og 1111111111. κ 11111111, 11111111 111111 111111 1111-

111111 Oculi.
11111111, 1111111111111111111111111 1. 441-11.

·14‚100. 11111111111111111111111111111111111111111111111111111 111111111- , ’

bergom 1111111 11111 1111111111 811111. - 11111111 11 Oculi. 1111111111.)
1111111-1111111, 1111111111111 (1111111111 1. 354-55.

*14‚101. Rong 6111111 811111111 111 1111111111 111111 11111 1 8111111 1111111111

1111111 8111, som Marcus 1111111111111111111 11111111 111. 11111 1111111111; 111 11111

dem 1111 111111, 1111Ιί1 med 81111, 1111111111111111111 111 Del Baadsmaend og 111111

1111111 1111. -111111 Datum. (81111111

1111111111111111111. 55-56. 1111111, 11111111111111. 111 111111. 1. 189—92. 1111111.
1 8111111111, 81111111 1111111 11111. 1111111111-11111 111. 277.

*14‚102. 111111111111111111111111111 111 11111111111 1 811111 111 (1111111111
Τ1111111111111, 111111111111 11 1111111111 1111 ’1111 og 111111 1111111 og Reuighed 111
1111111111 111111111 1111111. - 1111111111, 111111 111111.

1111111 11111111 11111111 lv. 197.

’111011 11111111111111111. 11111111 11 11111111 11111111 11111 [1111111111 1 1111-

111111,111111111111111111 1111 1111111111. - 1111111, 11111111 1111111111111111 1111111.
11111111 11111111 11111111 11. 202. “

’11101 111111 1111111111) 1111111111111111111111111111111111111111 111, 11 111
111 11111 (1111111111 1111111111118111 11111111 11111111, opsordrer 1111 111 111111 11
1111111, 11 111111 111111 11111 1111111111111111111111, 131111111111111111111 Laengsel

11111 ham. -6111111111,111111111111 111111. 171111.)
Ρ1111111-1111111,1111111111111(1111111111111.351-58. Brucla«. 1 11111, 1111111111 1.

Vereins 1. 1111111111. 111111. 1111111. 6.
‘14,105. 1111111111111111111 811111111 111111111111111811111, 1111111111, 1111111,
8111 11111111111111111111, 1111 111111 1111111111 1111111111 11111 111111 111111
sende 111 1111111111, med Undtagelse 111111111 og 1111111, og 1111111111 11 detes Sogne.
praesters og sognedegnes Oppeborsel 111 111111 1111111, 1111111111111 pua Aalborg og

11111 811111. - 1111111111, 1111111111 1111111111111111.
11111111 11111111 11111111 111. 213.

·14,106. 111111111111111111. 1111111111111. 1111111 111111111111111 1111 8113111
1111 111111, 111 11 111 11111111111111 11 1111 1111 11111111 Hospita! 1111111111 Reme,

— 1111111, 111111111111111111111 111111.
1111, 1 1111111 1111111131111111 111201.

 

