’ 1276 Κο11 0111111111 1111111111.

’ 1522. ¹10,I28. 111111 11111111, 01111111111111111111111111, 111111, 11111111011111
11111111111101111111111811111111, og 11 111 og 111111 811111 111 1111110111111

111111111 11111111. - 0111111111.
11111111111111. 1110111111111 0111 8112.

‘10,729. 01 1111111 1111111111 111111111111 111 111111 (1111111111 II. 111 1111111111
1 0111111111 11111111 (1111111111 1111111111 111111, 11111111 11 1111111, 111 01111111-
11111111 1111 01111111 11111111111, 1 1111111111, 01111111011111 1111111 11111 0111111.

Uden Aah 1011, Breve 111 111111. 111 Chr. 111 13111. 1.1 0111 1Ι 19—21.

*10‚730. 011111 1111111111, 11111111 81111111, 11111111111111011111111111., 1111

8111111 11 110111111111111 11111111 81111111 111 1111111311 1111111.
, 011111 1011111011. 111. 287 (111111111111111111111 11111111 svnt).

*10,731. Ν111 01111111, 8111111111111111111, 11111111 11 01111 111 S. 1111

111111 11111111 1111111, 111 11111111 11111 1111111111111111 111, 111 111111 11111111.
011 1 0111, 011111. 1111111111 S. 55.

‘10,732. 01111 811111111, 011111111 1 11111111, 111111111111 0111111111111111

111 0111 111 1111111 111 100 Μ1111 11111, som 111 11111 11111 111111.
, 011. 1 11111, 1111111. 111 11111111 S. 91.

*10,733. 8111111111 0111111 ’1111111111 111 11 11111111 0111111111 11111111

01111111 1101111118111 111111 111 og Svabsted Sogn 111111 11111 8111. 1011111111
011 1 0111111111, 1111111111111. 3139.

» *10‚I34. 8111118111111110111111111111111 111111111522, 11111 11. 1. 1111111

. 11111111111 111 ι11111111111111111111ι.
11111111, 0111111111 11“1 111111 S. 1418-20.

*10,735. 11111111 111 0111111111 1 811111 111 0111111111111, 11111111 11 1111111 ἒ
0111111111111 11111 1111 111 1 1522; 1111 1111111111 01111111111111 111 011111111111011-

mark. IPIauyIsI.=
1111111, 011111111111111111 8. 1617-82.

’10131 11111111011111111101111111, som med AnbeIaIing Ira 1111111111 111
11111111 111 01111111, 111111101110111111111 11101111 ssejsepenge 111 11 111111 11111

11111. 1111111
011. og 011111. 1 1111111111). 811111 811111111030-111,

15221

1142, 11111111118111111111110111.15-24. 0111111 1 Journal 1, vomu, 11111
111111111-1111111111 1815111. 40-47.

G. 1522.

*10‚'I37. 1111111 0111111111, 0111111111 111 01111, 1111111111· at have modma

111111111111110111111101111111 01111111, 1111111111111111111111111 8111111, - 11111111·
0111111111. 1111111. v. III—47.

 

