13. 01111 *7500 11003 0001011100 1101100 11101 0111 Bibe 110111300000-000100 111 0110111101,

00013010 0131001 000. ·- 1110011111, 000 13. November.
1101 1 11111011. 11110 1110 11101. 100111 11010101. S. 381.

1100111· *7000 1100301110111111 11101111011110011010011101000, 0101000100οᾱ 1 1100 1101110,
01 han vii 010101030 iiam 10111013 8101 1111011010, 03 1010101 ham 01 1000030 013 1118111000

11110101. - 110 opido nostro Hadersleff, 10110 quarta posi 1001010 b. 3110011.
0110010 11030110 3. 1110110111. 273-74,

1901111- ’7010 101111 11101111, 111011001100111110 1110001013, 03 11010 0100110010 dei
010010010110001, 811010 111031, 1010010 001300100101 1 1100011013, 111 Ηο1113000001100011
00000 8100 00010010 00101101 1100 00310 0000103 11000. - Arne dage 011010 1111101101 001

1111300 1100100. (1101110111
80100110, iiipiomaiirium 11001001300001. 600-606.

1201111- *iiii 11003 0100011011 03 01000103 0011011111 1001010110 11010013 1100 3101
111 0010101 1111010001 101 11000 Mari lybsi. ·- Gouorppe, 0010 0030 (1001110 virginis.

1101 1011000000010101. 0. 'mumioni-inueni. Gmfflcb· w· 23⁷. iPiaiiydsii

2⁴· iiovir. *7512 1100301001100100101001101111110011011100110011 1100 5000 1101111101,
11101101 00000 1 3101 0101 11010 300 Μο11 110010 011100010101 0311000101010100. -

01110 010000 1101101100 11131010.
Udi. i 11110000010111011. d. 10111001.-110111.-1011001. 0000110011. 111. 238,

111-00111· 1013. 0011101 1111100011, 1011001, 11101001 01 have 1000103οῑ 01 01000103 0010·
11100 1000 11003 0111101101ηο 801011110 00101013 8101 03 103001 1 Pani 101 6000 11011

111101. - 8101110 (1011011110, 0010 dage sancte 1101101100 11131010. (0101110111
11000000, 01111001οῑ01. christierni 1110010310.

28. 1101111. 4653, 11100001 1010 100 110110111111015 1001 1776. 11111011. (1110010 1 01010.) 1 11101011, 11101·
1101. 81111111, 0111101001100 1 001110. 03 11013011. 401-10.

28, 1101111. 4654, 11031010111011010011 11011000, 1110100101οε 0011. S. 7,Αοιο 11.

01100111. ’71110 11003 (70010110010 801011110 111, 011010100011001 10010001 803001 florii

110 1100100101 1 00101000. - 8010110110, 10 profesio 000011 0100101. 0101110111
001. 1011000001001011. d. 10111001.-110101.-1000011. (1011011011, 111, 465,

, 11110011. ’7510 11003 11001οτ10111 31101 0010101301ηο 01 011 Ρο01 1 8101011013 8101 111

3037 Μο11 8 81111103 03 61000103 11101, 0010 00 00100 0010001111 81011010 11131ιί10· ‘

81010 8010110110, 0100 000000 000011 11100101 000111113001100110111100. (1001110011

11000000, 0111000111. 0111000101 11110118340-17. 0110000001101111. d. 00111001.·10111·
100001. 0000110011. 111. 238-30.

000111. ’71110 11003001101101111 1111030311011101111101 1110011013 111 1031101 10010 81010

03 1100 0010 000001. -801010110, 0100 010000 000011 0100101 episcopi. , 1001110011
011000000001011. 11.10111011.-110101.-1000011. 0000110011, iv. 332-33,

5. 03011, 1511. 11003 000101101111110001001301000110 0311000 1110101013 01 1001000100
110001 01101000 01101000, 0010 01 11001001 111001301110100110110, 1101301 1810000. ⁶-

8010110110, (ame 010000 000011 11100101000 110113001100110111100). ὓ (1113311511
011000000010011, 11. 00111001.-110101.-1011001. 0010110011. 11240.

 

