11010 10000001 000 Possm. 1537

103 10101111 1. 101101011001101010101001 180100110 1110010011 [100 11000 3153111101·

. 001.
ΞΒΙ 1ΐ11111ξ10,.1000030011110100 1. 116. Datum 01101 110101, 1100100110 100 8. 83.

1111111110110111003 11010111 1. 11101111011100110100, 01 iijshmaendone 2311130111.
100 110 30011001 111 010 0131130 111 010110010 0130111 0110300111 1001

131010, sancti 101110101001 011000.
010010101101103. lx. 688-89.

1110110100 1110111 100110 110111101110000 01100101, 01 100 0100011 23. 1030111.
christiam, 11010 100 0111011101 110000 11101010110. - 1111110110, 33.

1110111, 10001. 11300 iinon. 81347-43 (111011013111217-621 iit 11300010 3101
1001101 110000 ni 810100301.

’1111111000 3010100111 10 1110000110 01 11110010 01 christiernum lidum 21103010.
toris ojus per Iohannem 1030110101, scribit, 00 31011 010110 hucusque
quo 101000 01 103010 somnove 010111110 en poeto 1001101, 0000 001001

10 jusserit 1011. -· 1110111190, 24. 110 Augusti.
11101010. 110 Gohsimosroh. 11. 185.

1110000 00101101101 1001011 ons· 101100111030100 1001 100 1010011130 25. 10311011.
3 110010010030000101003 (1111011010 ΙΙ. 03 010 10110000 1101010103

1 80301013 0310011013. - 1101103 0001 3011101001001.
11111111 1 110111, 1111011 00101 1111300 1010010101 1. 308-309.v

10001Ι 0010110101 11001001 om 1010101 100 1010011130 (100001111013003 mongum.
11010 110011013, 000111101811010100 03 11003 11010111 10 1100001101
01 rejse tii christiam ii. 101 01 0030 01 101030 1001 111 01010100110

go 811111. - Sonnsbend 0001 Bartholomoei.
1111111 1 wito, 1111001 001111 1111300 1010010101 1 309-10.

003 1001011101 110 1101100101οο 11100010110111300 1011133010. - 1111· 1111030111.

Kloster, 10030. 103 Augusti.
01011111 ’1110111111 4. hotho 1. 316-18.

00 1010011130 11000011 10110110 10111100 0010110110111001001, 811010001 1111030111
100010011003010011010 1010111031001000, 1010 1010100010 80010101
10 111 01 000110 1003 christiam 110 11011013010110103 0010 1011030100
,·, 03100 1110101 1000010000010110 om 00 000100; 0111010101.

1181010100 111110 11110 31010 1001 10101001. - 10011013, 100 31103001.
inst 111. i Wsitr, 11110011 0010111130011011001101011. 310-11.

11101100 nodosior 111001, 01 101 1101001130 80010101 11013003 11001001 3111130111.
1001 0101101101803 1101003 (1111010101, 110110110110011030100 010
’1001001 101 101011131 01110101, 01 01101 1000101010010300010100100

110 110 1100111130 811111. - 1000010103 0001 decollationis Iohannis bapt
1111111. 1 110111, 111001 001011113οο 1010000101 1. 310.

110111 11111011 00101101101 1003 1111011010 001 100101 1001110 Under· 1010110.

1011001010 stodor om Hjoelp 111 10301 mod 110130. - (hig.)
0101. 110110, [11011010 11. 1110130811-12.

01. 1. . 193

 

