Ι Κ1111 omnm 111 Τ11111. ⁴ 1671

q ἫἯ--ψᾘψ “ 1111.

111111 1111111111 11 Menklenbnrgs hjemmnvnrennn 5111111111, 11111111 1111111-
·1,11111111111111111 111 111111111 den pan 111 1111111111111 1111111111
111 11111111 [1111111111 111 111111 1 1111111111 1111111111111111111. -

1 nach vni. (1111111111
11111, 1111111111. 111111111111. 61111111. 11111111 11, 11111. S. 401-4011

111 0111111111 1111 11111 11111 111 1111111 1111111111111, 1111111111111 1111111.
1111 111111111111 111 111111 1111111111 1111111111111 111111, snm de
11, 11111 111 denogo i 11111111101111. - 811111, norman 1111 1111111.

11.
ῗ11111-11111111, 1111111111111 (1111111111 11. 103. 1111111 11111111 1111111111 V. 51-52,
11111111111111111111111 1111111, (11111111 1111111 ng Skndn 1111111, 111-1111111111. 104.

111 0111111111 111. 11111111 11111 1111111111 ng 1111111111 11 1111111111 1171111111
111111111111111 11111111111111, nom 1111111111111111 1 11 11111111
111111 111 111 11111111311118111 1111111111 11311111 11 11111, 111

1111. - 111111 1111111.
madan-Unum, 1111111111111 111111111111 11. 101.

111111 Vtut, 111 Scotorum, 11 Christianum, ducem 1111111111, scribit, 11 1711111.
1111111 admoniturum, 11 1111111 affectanda animum avertat, nequead

111, qni 11111 1111111111 11111111 autores 111 1111111111 discedant hortetur.

tianensi, 1111111 septimo 111 mensis 111111.

1111111111. 111 (11111111111. 111. 266-61.

’111 vnn 1111111111 111111111111 [111111111111 nm Nederlnget 1111111 1111111.

m 1111111111 Μ111. - Ν11111111ι 11111, 11111 11. 1111111111.)
11111. 111 11111 11111111, 11111111 11111 1111111 111111111111 11. 419.

11 1111111111 611111111111 111111111111111111 11111111 1111111 0111111113 17. 111111.
11111115 111111111111 1 111111 11 1111111 111 81111111ς1111 1111111111111-
111 1 1111111111 1311111111. - 81111111, 11111111111 1111111111111111.

1111111111. ng 1111 11111111, 11111111 111111 1111111 11111111111111. 118, 111. ιξέζῗζῖὓ Η

1 1111111111 Η1111111111 111 1111111 11111111 1111111 1 11111111, 11 1111111
1 11111 11111111 111 1111111111 1111811111111 Bornholm 1111111111
1111 11111111 ingen 111111, Μ11111111, 11111111111111111; dog 111111

11111 1111111. - 1111111111 nach Viti. 1111111111.)
1111. ng 1111. 1 waitz, 11111111 11111 1111111 11111111111111. 389. ³

11111111 1111 11111111, 1111111, 11111111111111 1111111111 11Μ111111111111, 1111111·
1111111111 1111111111 1111111111, men 11 11111 11111111, 1111111111111

111, 11111 1111111 11111111 Svan. — 11111111111111111. (11111.)
111111-11111111, 11111111111111111111111111 11. 1044011

'⁸⁶²⁵ WULLEWW 111111111111111111111111111111 11Μ11111111111, 11111. 1111111 1111111.
men tilbage 111 11111111, ng 1111111111111111111111111 1111111111 med

n. -111111,111 donnerdngh 111 11111. ’ (1111111111)
111111-11111111, 1111111111 11111111111111 1. 421-23,

1111. 1 1111111111-11111111, 11111111 11111111. 441-42. Α 19. 11111.

 

