754 Κο110 00110111110111 Foosoo.

1457.

19. Octobr. 4009, 00110, Bullatium S. 195—96. 1101. 0111111011 1811110101, 1101101. 111301 11100. 8. 8111
(1111110031 V. 111-80).

19- octobr. ’6018 110113 (1111101111πο 110111110100011101 101 8. 1000 03 S. 81131110 11100101 1

1101000, 0010 101000 0001100001. - 10001110810111011110011, 0101111101). Luce evang. (81000111
¹ 1111010011, 110001. 1111 1101111101 11110011. 85-3103 lv. 07-09.

19. octobr. ’6080 101111 101 Μ1111101, 0100010001011 11110110, 0101001 1100100100 1 11111113
· pao 11111110 8000301001 han 1101 1011111101 1100300 01 00010111 111 1 15 1101 at 01011030

8101011010101 0101 0100000. -11130, am 011111. 00011 110010 evang. 11311113
001, 1 1110101111, lodex oorp. 1111101000. 111100110111100110, (11110010 11. 88.

20. 011111· ’6081 11003 0011011111 10110001110011011001 11100101 1 11010110 11100 00310 810110-
1100001 1 8101011110 03 11000 80300, 001111 11110301 0010800001 1 11011110, 11100110 03 11111013
80300 101 al 1003011311030. - 10 0010081011101010011, profesto 10000110 milium 1111310001,

1111100000, 1111101. 111111011000 11111001 1. 111-88, 03 111, 59-33, (ενθῃεω

21. octobr. *6082 11003 0111101011 10110001 Μο3000 01000 med wanga Fjording 000 11110110, ..
(21. omn) 8100011101. 1110111011, 8101130011101111101111. 12, 1010.

21011011. *6083 00 3784 (0111. S. 696).

22. Octobr. ’60811 11110011 11111101 0001301 03 1110001 111 11003 0111011010 Gaarden 33333
med 01010 0000 1 1101101101 8030 00101 0001000 10000100 med 01010 0000 1 1103οΙ0
80311 1 1101100 11111000 101 10000010010010010111011.-810011101100, 00 001110 dage s. Seueri

000 111111300 0100000000. (03333333.)
11000100, 1110100011. 0011010101 prom! S. 81-82.

11001111. 4011, 00101110, 11010001101 0131000111100111. 101. 1100011111. 80101. 811. 01110110 1. 102.

1, novbr. 0085. 1100001310 01 4 1111100, 01011008110110110000 03 1100οι11000 0111100010 11
11010 00131 111 111. 1111110111 111001010οἰ10 0 01001101 sord iflaga 1 8011110033011 1 1100311
80311 110οΕ111001 og 1110010301 80101103 001101. - A 8100110010, soom 11301 j 8110101010 (a)
1110301110, 011οΙ3000 01000 dagh. (Nfflsm
0101001111. 1101103. 1111393. Ι
11110111. *6080 1111111010110111111011, 1110001 03 [1010000000 poa 1101011110, 0101010301111
Lasso 100000 000 0011131100, han 1101 1118111010113101000 1 10100 8030 pao fledemarken,
som Amund 1110000000 hor 0001001 ham 10140 001010 110111 03 ikke
1101111011, 0000000300 00011010 sancti 11011000 00311.
0101001101. 1101103. 111153.

25· Nom, 4023, 810001. pao 11111111 1101103, 1100 010010 1111101 11111. 0111010101. 11. 347-33,

11. mehr, ·6087. 11111011 101 1100111010 001301 med 1101103 11001101 81001130 8011111110
1000011100 1000000010111111001101 11100101-110000 00000011 no 00001 leven Vrouwen 0130

0101 00110031030. (1113333313
0110000000111011. d. 10110011.-10111.-11100011. 00101111. 111. 101-100. 110110310011181·

1101101υο 111 18. 1100111. astos. 111. 106.

19. 1100111. ’6088 8111110 11011011, 1110001 03 11111011, 0101301 03 0110001 111 11011010 Frendesson
en 1010 (1 1101010301), som 1100 11101110 01 010000 (1011111 81110001. - 8100110101, feria 33001101

01110 10010111 b. Tome apost.
1110101010. 1111 0000100101. 111, 111103 s. 10.11¹

11111 1001001. -

 

