Κ111 0111111111 111 111111. 1717

11113 011111111 111. 311111311 11 11113111 111 111111111111 1113111111 11533110·
311111 11 1111111 113 1011111111111311, 111 111111111111111113111

1111111111 1111. -· (1111111111 1111, 11111111311 1111 1111111 111111
{affl-mm 1111111111. 292—93.

11113111111111 111. 1111111111 11111 staden 1111111 111 11111111101111- 11 1111111.
110111 111 111111 1111111311 1 111 med 111111 1111111111 1111. -

1111111311 1111 1111111 111111 1111111111 1111111111 113.
011111 11131111 11111111 V. 293-94.

1113 1111111111 1111 111111 11111 111 81111111 111 11 8111, 1111131111111 11111111.
1113 20111 Salv 13 60111111 111111 11111120111111. - 1111111111

1111111111 111111 0111111111 013.
011111 11131111 1111111 11. 289-90.

1111111181111111111, der 11111 11111111111311 111 0111111 13 11111, 11111111.
111 111 11113111 1111 111 1111111111, 1111111111131111 11 11111 111
11111 111111 1 1111111113, 11111 111111111111111111111111, 1111111111 111
1111111111 1111111611111111111311311 0111. - 111111, 11111111111
1111111111.)

11111111, 01111111111111 111111113111111. 958-19.

111111 111111, 1111111 11 1111111, 1311111111 11111111, Electus 1111111111, 11111111.
11111111. 11 11111 11111113111111, som 11111111311 111 11111, 11111

111131 1111131. - 1111111111, 111113111 Oculi.
1111111, 1111111111 111111111111111. 151-13.

1111118111111 og 11113111 1111111111111111111111111 staden 111111111111 19. 111111.
have 1111111311 11311 sordem 1113111131131 Breve, 13 11111111 11 Fuld-
1111 111 1111111 111 11 11111131 hine Breve, 111111111-11 1111111

11111 11131111 1111111111. 291-95.

11 111111111111 1111111111, 1111111 111 111111 13 81111111 11111111111111, 11. 111111.
111 1111 1111111111 111111311111111, 111111 111111111131 1111111111 11-

try, Μ111111111111 Oculi.
1111 1111. 1111111, 1111111 11111111311 111111111111111. 549,

1111111 1111111 Fossa 11 111131111111 11111111 1111111, regem Francorum 11. 111111
111 juvare 111 posse sed 1131 majus auxilium 11111111 111 1111111111

quo sibi 111111 1111111111, tulum reddat. -· Β11111111, 11111111111111111111.
1111111111. 1110111111111111. 111. 16.

113 1111111111 111. 1111111111 111 11111111111111111133111 111 11 11111 16. narni.

111, 1111111 111 11111111111111111111.- 1111111111111111, 11111311111111.
11111 1113111111111111 11. 295.

11111 111111111111111111, 11111 111 11111111 11 11111 11131 111 111 11111111.
111111, 2011111131 111 10011111. - 8111111111, 1111111111 111113.

,111 Simonem, 11111111-11111111111311111 11 111111 111111 1. 98.

,1111 11131111 1111111 V. 296-97. 28. 1111111.

 

 

