1032.

24. 101111.

21. 101101.

1011
24. 111111.

25. 101011.

31. 111101.
1. Febr.

1. 1011.

1. 1111.

1550 110110 11101011 0111 100011.

’10118 0111 11111, 01110110010, 1101101οτ 11003 0111100011 0., 01 01. 1103010
101110111101101 111101 til 101 2110111101101 110103010110011113 Ι110 00111011 03101-
101 10001 0131011111101 meu 1101300 1013110010 110111011; 1011010001 1101301 01110
1010001011111301, han 1111 11011οῑ til 110103000110 01113101) 11101. 110301οἶ 8110, 10111

ι 10101011 0110011103. - 0110, 11010110 001001010110 b. Pauli apostoli.

0111010111. 10110311. 705—707.

’13, 119. 1101101110 11111101011011011 1101110010 101101101οἰ 0110 03 011 11011101

10111030110111011110110.-,0110 24101001.
01110111110010001111011011 11. 110130 8. 38- 41.

1·’3, 180. 001 111110 8011010111101110101110001011113 011 10 10111010 8101011
1011111111301110010111011101 11013 11010111 101310011011013 0111111011 11. 03 001-
10110110. - 0101 Datum. (Plattydsk.)·

0111111111 031111. 1110111, 11111001 1111111301 0100110101 l. 314-16.

’13181 ’1001111111111 1101311), 1030110000110111111110310113110, 01 ducem ⁵
Norfolehiae (11101011 00110111 00111111 10111010 1101011011101 10310 01 10 familia ejus,
uxoribus 0101111, quorum primus 0111101111010 10111, 10111101, 11103101101000010101
1101111; 11011111101111001001110011010 103010; 0001113011οε 1031 00110 utpote 1001

00110110, 11110111 consiliarii ejus, 1111100101 0110. - XXV. 110 11110111.
1110101011. 1110011011011011. 111. 185-86.

8111, 0111011111. 101103. 101699,

8112. uatum er: 0110, 1101111100 10101 1011000010110.
0111011111. 1101103. 11. uos-709.

’13,182. 8111110110 011011101 11011001 111 at 011110 113 011 10110111113011011011011
81010100 03 11003 1110101111 1001011101 03 1011113 ti! 01 01111010 113 011, med 11111101
811110 101 0111111311111111010 111301 1011111111. - 111 11011111110 11011111.

11111011. 1111111, 1011001 untur 111301 11111011ον01 1. 316.

’13,183. 1001110100111 11013111, 1031110 0011101 vinu, 10311 113111, 01 ’1110111111
(110111011οπ1, 00111111τί110011110110311, scribit, 1001111131οω 0 1030 001110 reversum
nuntium 11101 missum 311010 retentum 11100 ibi invenisse3 101110 nuntiat, 10 011010 110
cum 00101101010130101111 10 sublatis 1011011310ἱο 031110 litterasque 103100 1111111010

001110 01001111 011031100101011 10010100 0111001010. - 0010101110, 11 10110 1111001-

110110 10110 110110.
1011101011. 111 (1010111011οὴ. 111. 180-87.

.’13,184. Ι00111 110131 0111110 0110111111111, Electus, 01. 11011 11011, 0010111111
1001111013, 110110011011, 0010101011 10011110101, 11011111001111111 800100 03
110101 0111110111 11111000030010, 011110 010111011010110 111 00011 110101, men hu·
1010 8031030110 101011 11101101 1 1011000 03101301 01010 1 111110 8001110 detes 0011

0101101, huis 10 10111131101010301.- 0110000 1100111110, 10111111131001011011100

003 11110011.
0130111, 11011030110101110 001101 8. 73-14.

13185 11013 1110111111 11110110110111101 101 10101101 8111113111 u! 101
101010 101130 111110 1110118011,103 at 1101 10101 1101001011· 1803111 1010030 101 01
301 11101100, 101111 1101110 0111300010 03 uuus 011 101 101101- -001101010111, odens-

11301 10011 011101101 11110 113 purificationis.
11011111,11010111110011101111011 0101011011111 03 01010 8116.

 

