Κ111 (1111111111 111Τ11111.

.. ...- ...- - ...-.--*- -—————-0 -

1). 1111111 111111 13 11111111 0111111111 1111111111 Thomas c'rumwea, 1111111.
sarasar, 1111, 1111 111 111. adama 11111111111111, 11 111 11111111
111311, 11311111 131111111111 1111111111 1111 med 111111111 1111311
1111111 han 1111 have 11111111111111111111113111111111, 1111111111,
11111311; 11 11111111 111 1111111111 mad Hensyn til detta Tilbud, da
13111 1111111 1111 1111 31111 111, 1111 111 1311111111 111 11 11111

11111 111311 11131. -- 1111111, 11 tha 1111 111111 saint 1111. 18131111.)

1111111111. 111 (111111111111111. 1-6. 1111111 13 1111 1 Waltz, 11111111 1111111311
111111111111 111. 468-69 13 1 111111, 1111 polla, Baalah 1111111111 11111. 111111111
11311 8. 21, anm.

1111113 111111 11 11111111 111111111 [11111113 Maria, 81111111111111 1 1111111.
1111 1111111111131111 111 11 [jane 111111 13 111111111Ρ1111311111 11111111
1111, 111111111113(11111111111111111111111 111111, 11111 1111111111

apparata, 11116. 1111. 113111.)
11111111, 11111 111 1111111111 111. &aaa-25. 01111111111111111 1111111. S. 111-41.

1113 6111111111 111. bedar 1111113 Ernst 11 1111111113 om 11111 mad 1111111.
111 1111 31111 111111311111111, 1111111 111111111111111111 11111111,

111113111111111111111111. -- 111111, 111111311111111111, 1131111
111111. og 1111. 1 111111111111 11111 1111311 111111111111111. 391-92.

11130111111111111. 11111111111. 111111 111111 mad 8111111111111111 1 1111111.

1, 111113. 1111 1111111 apost.
111. 1 1111111 11131111 11111111 V. 145.ι

1113 011111111111. 11111111111. 1111 111111131111 mad 111113 111111 1 1111111.

1, 111113. 1111111111 apost.
111. 1 1111111 11131111 3111111111. 145. ,

:aava Faacaaa og 1111111 [1111111111 11111111 (11113 111111, 11 111 1111111.
abach 1111 Banake 111 stema, 13 11 11111111111 11 111111 111 111111-
111111111 11111 111 11 3111111113111 1111111131 111 11111 81111, 111113 -

11111, (1111 1111 11 11111 13 flere. - 111111, 1111111111. 11311111. 113111.)
’11111111111111111111111 111 6111111111 11. 11648.

111111 waaaaawama 111111111 1111113 1111111 11 111111111113, 11 han 21111111.
1 13 1111111111113 111 11 111111 81111111 11111111311111111111111,
1111111111 mad 111111111111 om 111111111 11113 christiam, 13, 11111111
1 Sagen 11 mad 111111; 1111111111 1111111111111111131111113111,
131111111111 1111111111 111 11 1111111111. -— Middewekena 11111111.

1111113111.)
111111111111,1111111111111 1111111111 1. aas-39.

11111111 111 11111111 111111 111 1111111111 11111111 8111111111] 8111111 msam,
11 11 6. 1111111111. 111. ’1411091 13 111111111, 1111111 i 1111111 Brea
n, 1111111311111111111 111111111111111113311111, mea 11111 111111111

a mad 111131 111 1131 11 11111111 1111111111, -1111111, Μ111111111 nach
1111111

111111. 131111. 1 1111111111 11111 111311 111111111111111. 410

 

