1535.
ii. 6661116,

28. Ι66611111.

30. 6611116.

1666 Kone 0616166116 666 61111616.

’14,190. 611666 1 6116661 661666666 66 1611616 0661166166 1 66661661, 166366
16666666666 63 66116 6636161666, 1116166636 166, 61 666 66666166 666 616636 8111166666
1661131 1 6166666666, 6666 6616166616 81166 6636 61 166666 613 6166 66 6666161663

6666661616; 66631666166 61661116 61666 16666. -·· 01666163 6666 Caninio.
16661061. i waitz, 61166611 66166166366 6611666666111. 416,

*14,191. 16161666 11616, 616166 1 0616, 661666661166161116166 016111666661661 111
61 66661116 666 111 Trinitatis 866663 6666616666 66166663 111 8. 6666 063 Μ1666616161 “
61166 616636 6136666666606616; 1166 6666666116611661 616, 61 Vincentius iunge, 666 66663666666
1 66161163 61661616611666116666, 6616 611 16136 06163661111666 666 1116661663 Christian, 11166
611 1616616 6666 med 611166 66166 61111616 66616, 63 31666 066666616163 666 0666 0666166666

1166663663 666 86611666. - En 66616 nostra 06166611, 1666 616 vitalis 616611616.
9616666-1161166, 6116161166 111 (1666616666 11. 76-11.

’14,192. 11663 6661661116 111. 116666 666163 66661 61 6116611663 nm 61 616116 613 400
6661666 66661 63 166666166 6661, 6106666661 8666666663 6161 6666 6611 66 86666166-

166661 6666 06666616361666116661. ’- 6611666, 6661163 66611 0661616.
’16661 1161 1 116116,611116616616611”11366 Wullnnwnvnr 11. 399.

’14,193. 11663 (inanis Breve 111 61611166 1866613, 66661 666 66616166 666 61666
0616616163, 1666 1136 6166611663 0661611666 116 66666166166 1666 11611 166 61 166166 6666611
1666666661166 63 1666166666616116 666163 6661611116 616616166 11666 66 6611616, 63 66-

1666666666 111 61 1616166 613 111 611616 med 66 61611666113 666666161. - 06661 0611116.
0161666166 06161661. 6. nnn-ni.

·14‚194. 66166 66666666161161, 66666666666 666136666616, 161116666 666 616 litandos,
flnMonss Gyiienntiernen, 116366 661366666666 11666 6116166661161163 1666116661 sirach 166
6661111131 61 dem 61316610666, 6661 66 666 66. 1116666 66161163 inge. - 6666161166,

Philippi 61166661 66311.
0161666166. 1166663. 111. 826.

8319, 11611661 10166106666. 1 91111666-11111166, 0666666 66166 1. 394-95.

’14,195. 16166111 6616116616 1116161666 6661613 6111666111 61 616611666663, 61 1661666161
(6666016161) 666 666631661 613 63 61666666 666316616616 6666111166 Μ16661 111161, 11666666
666 63 66 111616666666666 1166666 166 11661661 1616 613 16666611666, 6661666661661163166661,

61 66 8666616 61116 66361116 11616 1616361. - 0163661636 6666 666661 166666116116. 113661.)
¹ 96111666-11111166, 6116161166 111 06666161666 1. 397-98.

’14,196. 1116616 66666661611616666166 11666611 61111661, 61 1166 1166 16661100
6661 8616 ar 11166166 613666611161 16666 66631666 med, 63 661666666 661 111 166 666131

6616 61661616 6616. - 81616, 01666163 6666 Vocem 166666.
66661 Udi. i 116111, 6116661 66166166366 6611666666111. 416.

*14,191. 116166611166611116 661616116666 1116161666 66. 0661611666, 11666131 116636-
1110666661, 61 66 6666 66116661 6661 -ior nnn 661111 66666 och 16636 6116666 11661366
11113116 611 11131166 6666666616· 6166 6661166616 61613616 366116 66166666 6366161163166
sami 36 detes ,166 1666, 66611 666 6161111661 1116666666366116666116666 66611616616666

8. 6666 1163. - 06166, 66666636666 66616 60166166111311 1166666636 inuentionis.
66116616-11611161,1116161161111 0166616166611. 07-19. 861136. 11686111.

 

