Koxo Foooomx 1111 1101111. 1483

1111111 (3111111111, 111111 1111101111, 111111111111111111111101 0111111 11 11111111Ι
11 11111 111 111111 1111111111 11 10111111 111 1331111111 101 11 01111111 ¹⁰¹⁸·
1111113, 11101111 111111111111 11110111 om 1111111 muligat 1111111 sig,

„ejdo 110110111111111111 111. vincento, mod 111111 1111111111 1111111111

r 111111 1191111111, ipso 111 11111 1111111111 virginis.
,1101111111101111111 111-16. 111. ooo-³3.

ong Fooooolx 11 811111111111111111 111 11111111 11111111 111 11 1011, 11. 11111Ι
11 soemo i 1111111111. - 6111110111, 01111111111 1111 1111111 sancti

lt. 1 0. 11111111, 111111111111 111110111111111111. 229.

11111 (1111111111, 111 1111111111 Nom, 1111111111 Bilde, 111111111111 1111111.
ι, 11 han, hvis AErkebiopen 11111 111111111110110, 111 111011116111111 ''¹¹¹¹-
o 111111111111011. - 1911111111, 011111111111111 1111 11111111 111011

gozzo. 1101111. 1111611,

111 111111 11011111111101111 Longe, 11 111111 ’111111111111 1111 og 11111111.
11111 111111 ham mod 1011111111111 111 11 10111011 101111 poa 111 311111

111. -- 1111911111, 11111111.
rodot. 110111111111111 1. 178.

111111 1’1111111111 l. 11111 111. 11111 11111 1111111111 111 8111111111 og 11111111·
11 1111 skal 111111111111111 10181111111, 1011, Vrag og a} auden

- 1110111111, 10111111111 post 1111110111 Apostolorum.
11. Ι 11111111 11131111 1111111111. 329.

011111111111. 11111111111111111111111, 1111111111111, 11111111111, 1111111.
11111, 11013111, 01111111111111, 1018111111, 111111111111, 1111111
, som 1111 1111111111 11011111 11111 Hans 111111111111. - 1111110911,

110111 1101101.

11 Ι 11111111111111 11111111. ooo-46. 1111111 111111111101110111111, 1111111111
ι 113111111111 111-1111111111 11111 81111111111111111111.Ι

111 om, 1101111 1111111111 11 11111111111 1111 [11111111111111111111111111 21111111.
,1 Borgemeolor 1111 1101111111, 1111111111 1111 0111111111111011 111
1111111111 101 11110111, 11 11011 1 111 11111 101Ρ1111Μ11111 1111111111.

sancti 1110111 apostoli dagh.
. 11111111, [1111111111 1111101111111111 1. ooo-43.

1. 11111111111111111111111111. 131111 111111, 1111111131111111111 og nogle 2111111.
,11111 101Ι 1101111 bago 11111 111 11101111 1111111110, og 11 hoo 1111
*tugen 1111111181 til Bergon 10111 1111311 11111111 11111 ogAErkobispen.

1 11111 magdalene.
1110111111. 1101111. 111. 633-31.

11110 1111111111, 1111101 1 Bormum, og 1111111111 1111111111, 0110 2111111.
11111 (1111111111111, 11111111, bodo AErkebiskop 011111 11 11111101 0111
0111111111, 1011111111111111111111111 og 11 ikke 111111 love 111101

111 01111010, 111111 dio 1110111 apostoli.
1110111111. 1101111. vn. 716-11.

186·

 

