1552 1111 11111111 1111 111111.

33¹¹· *13,195. 1111111 11111111 11111111, 11 111 har 1111111111111 811111 11 1111111

1111111111 11111111, 1111111111111111111, at de 1111111111 1111111 111111 1111 1111111111

111 8111111111 11111111 3111111. - 1111111111101111. (1111111111
811111. 111111. 1 111111111111111111111111111 111111111111. 316.

⁸ 1011111111. 8116 0111111111.Νο1111.1111.708.

’ ,10.1111111. 13,196. 1111111111 11111, 1111111,1111111111 111. 11111 Bylle Underretning om

111111111101111 1111111111.- -,111111 ’11111 asle sflndagh.
mplomatar. Norveg. 11. 715.

11. 1111111.. ’13,191. 111131111111111011111131111111111111111111111115118, 11111111
111, 11 (1111511111 1111111111 11111111 111 1111111 11 31111111, 11111111 dem 1111111111
111111 111 11 1111 11111111 1 1111111111111111 111 11 Hospita! 111 sygo. — 1111111111γῖ1,

1111111111 11111 11111111 11111111 1111111.
1111111111. 811111. 1. 409-10.

11111111*13,198.111111111 11111111111111111111111, 111 11111111 11111 11 1111111 8115 111

1111111111 111111111111 mod 1111111111 ΙΙ.- 11111111 11111 11111111.(Ρ1111μ]51,)
‚ 1111111111.11111111.1111111,3.8..98

11. 1111111. ’13,199. 111113 011111111111. 1111111 1113111111111. 111 11111111 11 1111111111
1111111.1531111111311, som 111 1111111 1111 11 1111111111 i 11111111, 11111

· 1111111 Satan 11111 11111111 1111111111 11111111 1111111111 og underslaget·. - 14, Martii,
1111. og Brudst. 11. 1111111111111111111. 1 111111 S. 42-13,

14. 1111111. ’13,200. 111111111111111 ΙΙ. 111111111111111111 8111111111 11111111 111 131111·
1131111 1 Norge; 1111 111111 paa, 11 11 111 1111111111 81111 11111 11111111 ham. -111111, ,

14. 111111. (1111111111)
1111111 1111, 11111111. Nor 111, 3. 8. 98.

16111111 *13,‘201. Kong 11111111 11 8111 11811111111111 og 11111 1111111, 11111111 111
11111111, 11 11 maa 11111111 611111111111111111 1 Byen til 11 Hospita} og Klosterkifken
111 11 8111111111, 1111111111111111 formans 111 11 111111111111111, dog at 11111111

111111 1111111 11111111 11111111111111111111111111111 11111111. - 11111111, 1111111111

111111 11111111 1111111111 1111111.
, 1111111111 8111111. 411-15.

11. 1111111. ’ ’13,102. 110111111111111 privilegium 111 81111111 1 1111111 1 Thy 11 1111
1111111111 5 111-11111111,1111111111111111.

111111111111111,1111111111111111 419. 1111111111111111111111111111111111
11 111111111111 S. 302

1111111111 13201 011111111111111,111111111111111111111111111,1111111111111111111111

8111111111111111111111111111111,1111111111181111β81111,1111111111118
Nyki 1111111111. 8111111111. 765.

11.1111111.13,.204 811111111111111111 1 11111 11111111 11111111 1111111111 111 8111, 1111111
11113111111111,1 1111111111 8111111111,11111111118111111111111,ος 11111111111 hamum,
atde 11111 11111 11111111 fljaelp imod 11181111111111μ1191111111111111111111

111111111111111,111111111111111111-1111111.1111111111111111111,(111-1111111111813111

 

