1540 Κ111 11111111 111 111111.

1111.

·1⁰· ⁰⁶2⁰hf· *13‚094. 1111111 11111, V. 1111111111111 11111111111111, 11111 11111 ikke 111
1111111 111111111111 111 111111 11 1111111 11 1111111111 0111111 111 med 111111 111

11111111 1111111111, 111111111111 111 11111111 11111111111111111 sine 111111. - En

1111111111, 11 11. 11111111. . 1111111.)
Lam, (1111111111. 111 11111111 1111111. 1. 549-50.

—..——--—

11. Octobr. *13,095. 111116111111111111111111111, 1111121111111111511111, 1111111111
11111 111 111111111111 111 11111111 111 1111111111111111111111111, ikke 1111111 1111111
1111111111111111 [111111111111 1111151111, men 11111 111, 111 1111111111 1111111
111111, 11 11 de 111111 111111 11111111111111, 1111111111 1111 1111111 ham 111111
Ι·’111; 111 lover, 11 5111111111, 1111111111 leve, 1111111111 1111111 1111111111 passere

gjeunem Sundet. — 1111111. 11111110111111. (1111111111 ’
1111111111. 1111111. Vl. 111-52.Ι

11011111. *13‚096. 11111 (1111111111 11. 1111111111111 0111 V. 111 1111111111, 111 111 111111
111 1111 111111111111, 1111111111111111111 11111111111111; 111 111111111 111 111111,
111 111 111111111111111111111Μ1111, 1111111, 11 bans 1111 1111111111111 111111 111
have 111 1111111111 111111111. - En 11111 camp 118111 11 Nimim, 11 xl. 10111111.

(Eranam
111 11111 11 11. 11111 111-11. “

11011111, *13‚097. 11111111 1111111111 51111111 11111111 Gustus, 11111111 givet 0111111111
11 11111 01111111111111111111111111111111 11111111, 11 (1111111111111 skal 11111 11111

1111111. - 111111111111111. 1111 11 October. (1111111111
111111. 111. 81111, 11111. xxm. 64-72.

11 octobr. ’1311111 1111111 1111111111 11111111· 11111 1111111 nye Oplysninger om 11111
111111111111111111111, 111 1111111111 med 11111111-1111111, 111 11111. 1111 iu

0111111. (1111111111
111111. 111. 811111. 11111. 11111111. 11-16.

11011111. ‘13,099. 111111111111111111111111111, 11111 ikke vil 1111 1111111111 111 111
11111 111111111181111111 1111111111Μ111 111111111, 111111 11 111 1111111 11 11111111

1 Ν1111111111111111111 1111111111 111 111111 1111111. - 511111111 1111 1111111111.
· ’1111111111 1 Waltz, 1111111 11111 111111 Wullenwover 1. 311.

15· ootobr. '13‚100. 1111111111111111111 111111111, 1111111111111 1 11111111 11 1111111111
1111111111 111Τ11 111 1111 11111111 111 11111Τί1 1111 11111 11111 1111111 ἰ hans 111111
mod 11111111 111 11111 11111111111111, 1111 111111 11111111111. — 01111 vymhienden

dach October. (1111111111
fland-ventem Prlvsseglon 111. 111 stad Amstelredam S. 88-89 11111 1111111 1111111111

1111111111 111 11111 Christian 111). 1111111111. 1111111111. 153-11. 11111. unt. 111111,
11111111 11111111 1, 11111. 8. 41-42.

11. Octobr. ‘13,101. 81111111118111111111111111111111111111111,1111111111 ar naaman ¹

111 111111 11111111 1111111111 111Μ111111111, 1111111111111111 111; han 1111111111
11111111111111111111111 lade 1111111111 1111111 111 1 811111 111111, men at sorsyne

dem 111 11111111 111 11111111, 11111111111111.-Λ11111111111, den 11. 0111111. (1111111111.)
111, 1111111111. 11111. 111.

 

