Κο100118181188110111 11011818.

16193. Eum, 111180 Lunges 1111110, 81110081 1111 (181101 0111018100 111 11811180

11108181 mod 1100108188 af Sjaelemesser.
110111110381181,81110101.181.111101011.11.84’103111031800810110111118110118118 1186 8149.

’6191 8100811111111 03 11110811111 1 11018111 1118008181 1183181181811 1 8188113,
01 08 ikke have 1011110081 813 10001100301111811811181181018108111810, 11180 kun 10181

1118181018 3181181013 111810 11100 8010181181801. (1081110811.)
111181, 5188180013. 1103. lx. 458-59.

·6795. 80138100 1111118811 1181111138 813 101 08 1111118011 1018811118οο 0808811818

0800888100)υο 018101081111800808 03 11]81111181108118111813811.- 00811 181. (1118010811
11101οω1111. 1101183. vl. 1194 -96,

’0890 1110110180οθ1 181101111810138 813 10108 1 10118011 1018810808 1181188-

8111118 8010888100)υο 0181 1118111081οο08 1 1181811181 03 1181110811- 1108111111. 0101110811

0101001101. 00118311. 096-98. (1101101181 1 0181111180 180 111188101011101111381118 1
Δ. 1447.)

14091

16191. Kjobmoendene 18110111 11881818 10108 1 10118011 1018811118οε 0118880818 .

1188088800811110 08 81 1101381118 1 1181811181 03 1101110811 0181 dem 10118 1110381. - 00811

101. (1118111081.)
0101011818. 1101103. Vl. 598-800.

16198. 1100880110, 81 ’10131118 011...8011 801318 111 111. 11011111 [1110180130 2
1110118110111100111 181838 80311 [1018811010. — 1011108138, 11808380 nest 1018 11111111

08311 natiuitatis. 1110181.)
0101008111. 1101103111. 643-41. (1111181 mlum.)

1469-1472.

*6799. 11811113 101111 ar 81311118 0018308118 0111 8108 Ρ8113810101111381 088 sin
11100811181111311111118801, 111011 0111111188 811 10101103 pan 0811111011 111 1181011 af ’1000

0110811. - 00811 181. v 111081.)

81. 18111181.

15. Febr.

Scriptores 181. 81181110. x. 88.

1410.

16800. 110113 0111811811 10818081 1111081181 101 8111111111 80011810088011, 80111
1111818103 Audon 1011818800, 03 10180118180011810118800 03 18111010 01818801, 8011111118
111818081800181181. - 0810, 111001111001311811088110181111081811188808ΧΧ 818 rikis

1818 0011388. (North.)
0101011811. 1101183. 1. 641.

*6801 1111111101 1111110111, 1110081, 10181 1110811 0111018083 at betale 11038

[1181101018 11103118, 1101381 1 Lypky, 111110 han 81 hans Fader skyldig. — (1111381801),

10118 quinta 81118 dominicam 8801083881118.
11101οω1111. 1101183. V. 828

 

