Κ111 0111111111 111 111111.

0. 1518.

‘10‚323. Fortegnelse 1111 111. 11111111 1111111311 13 111111 Ores 11111111-

11111111 Mogenstrup. ·.· 11111 111.
1111111 1131111 3. 1111111 152-55.

1518—1519.

‘10,324. 11113 (1111111111 ΙΙ’1 8111111111 11111, 111111 han 111113181111111
111 111101111111 111111 11111 1111311 1111 1111 11111 [1111111111 (1111111111113111
31111111111111111111 1111111 13 11311111, 11111111 111 lade procedere 1111111111

1111311111. - 11111111,

’ 1111 1 1111111111, 01111. 111111 [ren. S. 111411111311171-11, hror 1111111 1111111
11 1111111 111 1511, 111131. 11111, 111111 1111. 1113111 11111. ΙΙΙ, 1. 1111111
882-383‚ 1111. 3813 39.

*10‚325. 1111 Leo X's 11111 111 1111111111 1111311 1 1111, 8111131 11111111

1111111 Legat, 1111111111 1111111111 11 procedere 11111 8111 81111. - 11111 111.

111111 1111. 1 1111111111, 111111. luges 11111. S. 1124—25 (11111113. vn. 111, 1111111
11111111111511,11113111111, 1111111111111311111111. ΙΙΙ, l. S. 163-1640ssffl Ἰ
1111. 119.

1519.

1111111· *10,326. 1111311111 1 811111 1111111 11111311 113 1111111311 ar 01111111 131111
11111111 1111 111111111111 111 ’111113131111111 11 111 111 11111 siden 111 1111111111

11111311, 1118111111111111111111111111 11111 Skib. — (3. 111.) 1111111111
1111. Ι 11311111 111 (11111111 11 1111111111 11 1111 oudo 11111111. 11111111 11111

11111111- ‘10‚32r. 1111111111111111111111311, 111131111 111 11 1111111181111111 1111111111
11111111 Hansestaedernes 1111111 1 01111111 13 11111111 1111111111 1111113111111,1
1111311111 111111 13 111311111 mae 1111 Vox og 111111 1111 om Skagen‚ 1111111111

111 111 11111111. - 1111111111 1111. (1111111111

1111111111. 13 Cer. Ι 1113111111 1111111111 Ι. (1111111111, hornung. r. 81111111 1
152-13.

1. 111111. *10,328. 111 111111 1111111111 1111131111131111111111111, rnen skildre 11111 111111

Ν11 13 11111 ham til i 11311 111 11 11111111 11 1111111111 111111111131011111.-

110113, 1111. est. 1111113111 11113111 1113.
1111111. 111111, 0111111111. 1113111 11111111. 1, S. 11, 1111. S. 362. 1111. 10.

11111111. ¹10,329. 1111131111 111 11 1111111111 13 Perge, 1111 3500111111, som 11111111
Ι 111111 1111111111 111111 11111, 111 i 1111111111, 11111311 1111 11111111 111111311111131111

1131111 Domini 1111111111).
1111111 11131111 11. 11111 11. 148-49.

1111111. *10,330. 11113 0111111111 111111111111Η111111 1111111131 11 111111111111
1111111111 111 11111 i 1111111111 13 (111111 11111113 111 1111111111 111111 1111111111 131111

111, der 1111111111 11 1111111111 11 1 1111. - 111 mort scot 1111111

11111311 1111111111111 11111111 113.
1111111 11131111 3. 1111111 ΙΙ. 151.

 

