Κο111 11111111 111 111111. 1407

(11113 (1111111) 8111111111 111 Mons 1111111111, 111111 111 111111111111, 1151211511

11 1181111111 1111118111111111 med 8111111111 111 11111 og med 11
Norby til Kong Frederik‚ 11111 111 11111111 111 1111 Vilje 11111 811113.

1111111 1111 11111 11111111. 18111111.)
1111111111 11111111 1131111111111. 196-97.

11111 (111111) 1111111 11111 11111111 111111 111181111111 1 11111111 111 11. 11111.

11111111 Planer. — 1111111111, 1111111111 111111111111111. 18111111.)
1111111111 11111111 111111111111. 199 ·-100,

11111111111111 111111111111111111111111 1111111111111 om, hvor· 14-11111.
111 1111111 11113 1111111111 111 111111111111111111 11111111111111111

1, og 111 11 111 1111181 111 Maegling. — 14. 11111. ’

111111 111. 1 0111111111111111 1 11111111.-11111.-111111. 11111111. 11, 1. 8. 98,
1113111111111111. 1111111111 11111111 1111111111 111111111111, 11111 111-111111
111111 11111111 Gabriel 111 111111111111 11111131111111 11111311. -

11111111. 1 111111111111111111 1 11111111.-11111.·111111. (11111111. 1, 1. 891.

111111111111111 11 11111ρί131 811111111 111 111. 1111111111, 11111 16. Iulii.
111, 11111111 111 11111 1111111111 ikke var 11111. - 11111111, in 11111111

num. 8111111.
,1111111131 1111111111 1111111111 1. 189-91. 11111, 111. 81111111111111-21
111111 111 1111111 11111111111111.406-407.

(lage, 111111111111 111111 1111111111 111111111111 1 111111 1111111 16. 111111.
1 Begyndelsen 1111111111 11111111 1111111 11 8111111111 1111111111111

111111181111.-16.1111. ' (Tydsk.t'

111 1 11131111, (1111111111111111111111111111111. 18.

111111111111 8111 111111 1111111 1111111111 11111. 11118981, 111111 111111.

111 111 Fremgangsmaaden mod det ene 11 11 111111 8111111111111111

1111111111111111111 har ophragt et 111111 8111 1311111 3111111111

ing. — 11111. (Tyrium

’11 1 11111111, 1111111111111111111111111 111111. 18-19.

Ι1111111 11111111111111111111110111111111, 11111111 1111111111111, 01111 111-111111

rosiensi datae 1118111111 111111 suo, quem pater 111111 (1111111111 ·
duobus nepotulis suis, quorum pro 111111 episcopus Ericus patrini

1111111111111. - In domo 0111111111 prope 1111111111, 11111 11111

111111.

1111111111. 111111. 111611-11

1111111111 8111 111-11 111111111111111111 111 11113 1111111111 11111111·

1111111311. - 11111111, 111111 1113111111 dagh. 1811111.)

11111 111 1111111 11111111111111. 203-117. 111. 111111, Gustus 111111 1. 128-30.
11. Nr. 7672.

ong (111111 1111111111113111111111, 11 111 111 111111111111111111111 22. suni.
1 sarge 111, 11111 11111111 og 111111 111111 11111 1111111111 1111111111.

1 Magdnlene dagh. 18111111
111111, (111111111111111111 81617-28. 1111111 111 11111111 1111111111111.107-108.
11. 111. 7672.

 

