¹ 21. 1111111.

22. 1111111.

13. 1111111.

23. 1111111.

23. 1111111.

23. 1111111.

24. 1111111.

24. 1111111.

11. 1111111.

16611 11111 0111111111 1111111111.

..κ-.- -- -- ———.-.-..-———-——-.————.—

*14,136. 111111 (1111111111 111. 1111111111 1111111 1 11111111, snm 11111111 1111
1111111, 111111, 11111111111111111 1111111111 1111111111, 111111 111111 111 1 11111,

111111 111111111111 111111. - 11111111, 1111111 1111111.
1111. 1 1111111 11111111 11111111 V. 110.

*11131 1111111111 111111 1111111 1111111111 Wnllenwever 1111111 Sendelse 111
(1111 0111111111, 11111111 111 1111 1111111 111 1111, 1111111111111111111111111111 111
11111611111111111 1111111111 1111111, 11 mindo 11111 111 11111111111111111 1 denne 1111-
111111; 1111111 11111111111111 ham, 1111111111111111, 111111111111111111111Μ11111111111

11111111 11111111 1111 1111111111111111111. - 111 111111111111111111. (1111111111
1111111111 111111 11111111 1111111111111. 411.

*14,138. 6111111111111111 11111111111 1111111 111111111111111111111111 om, 11
1111111111 111 1111111 1111111 111, 11 11111611111111111111 8111111 111111; 1111111111
111111, 11 111111111111111111111111. - Koppenhayen 1111 1111111 1111111111. 1111111

1111111-1111111, 1111111111 111 6111111111 1. 368-69.

*14,1391--83101. 1111111111 1111· 1111111111111.
vundan-unna, Gravens 1111111. 411.
·14‚140. 11111 1111111111 111. 1111111111 11111111 1111111 11 1111111 1111111. med
11111111111 1111111111111, som 111111 01111 nilne 111111111 111111111; 111 11111111111

111111111 11111111 1111111 111. - Ambus, 1111111111111111111111 1111111.

1111111 11111111 3. 1111111 V. 28. nn. 1 1111111, 11111111 S. 22-24 11 1 1111 1111111
11111111 1. 131. ·

¹14‚141. 111111 1111111111 1111 11111 1111, 1111111 111 1111111111111 111111
111111111 111 11 11111111 1111111111811111111111111111111111111. - 811111111111111,

111111111111 nest 11111111111111111111.
1111111 11111111 1111111 11. 26.

’14,112. 11111 (111111111111. 11111111 111111 011111 111111 111 6111111111 1 (11111

som 111111 ns 1111111111, 1111111111 11 11111. - narnus, 11111111111111111111.
nn. 1 1111111 11111111 11111111 11. 25.

’ ·14,143. 11111 1111111111 111. 111111111 111 sophie, 111. 1111111 1111111, 111 11111111

1111111111111111100 Μ111 1111111. - 1111111, 111111 1111 1111111111.
. 1111 1 1111111 uagum 3. 1111111 V. 21.

·14,144. 111111 (111111 111111111 11111 111111111111111111111 1111 111111 11111
11111 11 1111111111 1010011111 11 111111111, 11 11 1111111111, 111 varenam 111111,

1111111111 111111. - 8111111111, den 24. Μ1111. = 1811111111
1111111-1111111, 1111111111111 (1111111111 1. 369-11.

’11141 11111 (1111111 1111111 111 lon 01111 11 (1111111111 Anderson, 11111 111111
11111111 1111111 Christian 111, 11111 1111 11111111 1111111111 11111 11111111 11111 111111
og 1111111111 111 111111111111111 1111111, 11111111 111 111111111111111111. - 8111111111,

24. 1111111. 18111111
1111 1 11111, 1111111 11 11111. 11. 51.

’11141 11111 (1111111111 111. 11111111111111111111111 11111111 suu, 11 111 111111
1111111111 11 1111111 111111 med 1111, 111 1111 1111111111 1 0111111. -81111111111111,

1111111 1111 1111111111.
1111 1 11111111 1111111 31111111. 21

 

