1434 110110 3010111111 11111 301110.

1521.
4· septbr. *12,135. 11001 31111οι1 Ι. 11111111 S. 1101101 11101101 1000011 101 01 110100 30110-
111010110. - Hindezeqaffuel, 10110111011011011311011.
001. 110011 80000110, 310111111 0000113113111.11, 1. 8163 og 1 11101110 11111110
11101110 lv. 234. “

7- septbr. ’12,136. 11001 1111011111 1. 10110101 30001 1111111001 30111 1 1101111011οῑ Len 0100

10001110110 6110011. - 1100010001, 10 11101. 1. Μ1110 1111. nativitatis.
Udt. 1 110001 8101001ου, 310111 111 001011311 11111. 11, 1. 8. 110-71.

11811111- *12,137. 1101113111011111. 1010101110 3001000110 1110011 01011, 310111 1 000010,
111110 1101 1101110011, 0011011110, 30 011010 1010 3111110101 101 010 11011, 1110 111

1011111. - 10130110 1111101011, 1011101 11010101111111.
11011001, 000111 013110101001 1111110111 S. 206--201Ι

8- septbr. *12,138. 110111 3110111111 1. 11101 11111111 1111110 311000011111 1110 111 111001 31001111
0110 1000111101 111 1100100 1011111010 6001 1 3001110111 01111 8101111, 001 11 11011, 1111 ·
0110 100011001011110011111110 011011101, 1100110 0001 11110 0110111001, skal 1111110-
101010 000101 0100 01 0110100 00 1000 Μο111 1111010, 1001 100 001101 101 1110110111οη. -

1100010011, 101 3101 1111 110111111111.
1101. 11001101 111 11010111 01111100. 1353 S. 66. 81111111. 1110 1110110 1111111111 111. 230.

8. 811111- ’12130 1110111 00111111 11101 1111011 311101100, 30110011101 180011101101, 111011
00111101, 01 Μο11 0100111100, 1010001 3011111 1101011111, 1010000 01 1100 01 ’11111110-

11111 111 110 01111101 01111 00001111. - 10 010 natiuitatis Μ1110. 18110111
1101. 1 601111 000 3011101 1101111111οῐ 11. 321.

9. septbr. *12‚140. 31111011 111111 31111 11 1101011101 1111111101 11001 001101 010 110 30110
1110 60111110, 1101110 01110100101 0100111011 01000 010 3011101101υο 311011 81111001.

- 1113000110, 111. mensis 8011101011ἰο
81111011, 8111111. 111 11001 311111 11111111. 8. 2. 601111 010 11011101 110111110101 V.
209-10.

laseptbr. *12,141. 11001 3111011111 1’1 3011000110 1101 ’11101111000 01211001 1527 0111
11011111101111111011001 1011111111 01 30111001 111110111οΝ1.*12,08’11. - 011111, 11000100 0011

0111101 1101 31110 00101111110111.
8110110101 1. 1101111111. 01 1011011. 11. 313-14.

13511111- ’12-,142 11001 3111111111 3101 111 31010110, Hr. 11010111, 1110 110011110010001

001010. - 1011110, 1011111110111101. 1. Crucis.

001. 1 10011 8111100110, 310111 111 0000111111 11010111 11, 1. S. 171, 11101 31010101
10111110011101, 1111. 311111 01 1101101011, 3110011111 311111110111 8145.

13. septbr. ·12‚143. 11101 0111111111 1001101000101 Sophia 001 100001 30111011 101 111101
11011100 11010001010100111111, 1010100, men kun som 11οο10110, 1111 11010111 pan
3011110111111110 111101111011311011011. - 1111000111, 1111001111 010 001 1111101011

Manen. (Plattydsk.1
80100110, 31110101110001 111011011101011.191-96.

(¹..13.septbr. *12‚144. 11101101111111 1101111001 31100111 1. 001 31000 1 1011011101 11001
3111, 110, 0001001010110010110, 1111010011110130111101101111011 1 01 3011111011
310011011; 100 0011111111000013000100101111110111011110 11011000 11011 ’10Ιο, 1001 ·

Μο01010101 111 000 0111110 111 111111 1100100. - 11000 1101001. (1111111111,
81100110, 3111000011001 31001101111111 11. 131-93.

 

