11515 emmau 555 111551. 1273
1522.

——-

11115151 855151151515115555155 5151 15511551 og udgift 51 de Penge- 9. 555111.
51115515 551515 5151115551 1 8155155115 og 11151551 111 1555155 51111155-

115151. - 1155551555 5151, 11515555 50151 11511155 dag natiuitatis.
11055151, 1155 1111511111 1115155511 1151510155151 1. 130-31.

15 11511551 1151511115 1555115151 1151111551 0151555 51. 5., 511555515155 15. septbr.
holm 53651555 5115115, 5151 de have tagaton 515551 1115155 og 12

155. -15115515,13. Sept. (Engelsk.)
1511 1 1511555 5511155515. 115555 1111. 111, 2. 81019-Βο ’

1555055151111111511151111115558151551555151115155, 5151155555- 21555151. ¹ ¹

1555155 ⁰8 5515111151 ham til 51 5151115 055515 1 51515115 sig til 1115551

05551511. - 15 5155 nostra 1155515, die mensis 855155151. 21. 115115.)

Ι51151 11111 og Brudstykk. 1 855515515555, 11551155 155115. 5. d. 11115551. 1151155 gagen
Ι51. 11. 111. 5-61115. 8. 31, 11115. 6-5.

11555151,11551111151111 11515515 1151510155111. 1. 131-32. 22. 855151.
1555115), 11515115151115111151 8. 55-56 , · 22. septbr.

111 11551111 1111511515 5151115151 1151511551 1151555 51. 5., 51 de 055515 22. septbr.

,115555115511515 11115151. - 15115515, 22. 8551. 1115551511
115151. 15511515 5551155515. 115551 11111. 111, 2. 81086.

11555151, 11551511511111115155115 11515101551511. 732 33. 1155 551515115151515551 55, 355151, ’

511155 55115551515155 1111155151.

11551115111151511515111515111518. 56-51. “ 24. septbr. ,

1151511155 11155151, 11513511 1155555515, 1115155151 have 5151155511ῑο 24. septbr.
55 65151155 518555115110155151511551 1 1515115155 51 5555 8555 11555
1 11555555,’1]555515. - 15555555αῇ5, 55505555 5551 5111551 555511

1115511151555 51151. 111 051. 11.5 og 11. 1.5 11151. 1. 11.

1115511115 1115515515115511555551 05515515555 51 Μ555155555 1155. - 24¹ septbr.
11111111 dag. ,
15555551, 85115151. 151. 1151115. 1111. 165.

‘10‚643· ’ 26. 855151.

155565115111111 11. 55151511511115155811551111515555 51 Bergium til 51 26. septbr.
5155155511511515555 (155 5551 515555 11151151 11155155 155111 55515551515
15. - 1515 555115 555115 1155551151, 1151151155 5551 5111515 555511 1151551·

11555111), 1115151151511115151151 8. 57-58,

15555151, 1155 1111151 1111 11515515 1151510155151, 1. 131-35 28. 855151.

18510515 811515 15515155 og 1555111, der 51 Electus og 0551551051 29. septbr.
1115 1 1515115155 51015155 1511515115515551155 og 1155111515 11515 51 Μ.
15511051515511, 5151115515 115115 11515 og erklaere‚ 51 (151555551511511115

15155111 8111151. -. 0515, 555511 Michaelis archangeli dag.
0151551151. 1155155. 1. 110-11. 1151151551 1 11. 948,

851 1. 160

 

