*-

1612 mmmmm.

——-—-

24. 1531411· *lam De 111111111611111111111111111113 111 111111111111111311 111111111113

¹· ”¹¹¹¹- Η111131311111111 11111οπι11113111311111111111.-11111111111111 1111111 11111111 bapt. 1111111
1111111. og 1111. 1 Waltz, 1111111 11111 1111311 111111111111 11. 253, 254, 2111217.

2114-65, 268-70.
25. Junss· ·13,716. 1111113 1111111111 11111111111113 11111111111 1111131111 11 Ρ11111111111
8111111111 11111111 11111111 13 1111113 Christian 1111111111 11111 111 (1111 (1111111111
1113111 111 1111111111. - 11111111σὶ11, 1111111131 1111 lobannis baptiste. 1111111
11111111-1111111, 1111111111111 (1111111111 Ι. 97-98.
21111111· ’13311 111111 11111111, 1111111, 11111111111Τ1111Τ11111, 11111 81111111 1311111,
som 111 1 8111111111 111 11111111, 11111111111 1111111181111113 1111111111 dem 11111
11111 11111111151111 1 8111. - 2181111111,1131111111111111111 Petri Pauli.
Ρ111111-11111111,,1111111111111 (11111111111 11. 30-31.
11111111. ’13311 11111111 111111111111 1111111111 1111113 11111111 11 Μ11111111113 om 11
111113, 111 11111111111111111111111113111 1111111; 1111131 111111111111, 1111111113
Christian 1111111111111111111111113 11311111 111 1111111111 1131111, 11111 31111 111111-

111111311 1111111111131111 111111 1111111111. - laboch, 1111 1111113111 111Μ111111 1111131131.

1111111111.)
11111111-11111111, 1111111111111 (1111111111 1. 98-99.

Ante ‘13,'119. lustrux 111 11 111 1111111 1111111111 1111111111 6111111111, 111. 1111111
29. Junn. 111111, 1111111 3111111111 13 1111111111111111, 11111111111 111 11111111111111 sig med
111111 1111 11111111 13 11111111, 1111 11 11111 11111111 811111 13111 31111 11113

1111111 111 11 1111111113 1111111113 1111131111311111111111 11113111111111. —- 11111 1111111.

1111111111 131111. 1111111, 11111111 11111 1113111 111111111111 ΙΙ. 275.-75·(P¹anyd⁵k‘)

1111111. ’13321 6111 1111111111 111111111 111111, 11 1111111111 13 1111 den ringere
1111 1111 sig 1111131 11111 1111; 111 111111 11111111111 13 11111Μ1111111 11111111
113. - Im 11111 1111111111, 111 1111111 113 luni.
1111111111. 1 Waltz. 1111111 11111 111311 111111111111 11. 331.
11111. ’13321 11113 1111111111 vm. 11213111111111111 111 1111 1111111111 som 6111111
111 11113111111111113; 1111 11111111 11 611111111111111 11111111 13 1111111113, 111 11111
111111111113111111131111, 1111 11111 13 1111311 11111111131111111111111 11 Sum 11

1110001111, da 11 11111111 11131111 11 111131 1 1111111111, som 1111111 1111 dem η

111111111111 1111311111 1111 111111111 1111 111111 11111111 1111311 ’11 11111113 111 11
1111131111111 [1111111113. -11111 Datum. (Engelsn
8111111111. 1111111. fleury 1111 11111. 1111111. 111111. 8165-69.

sumo. *13,722. 111111111311111 111 1111111111, 1111111111111111, 111111111111 1111111111
1111113111111131111 13 1111111 111111111111111311, 1111 1131 11 11111 111111111; Dit-
1111111111 11111 13111 med 1111111111. - Uden 1111111. 1111111

1111111111. 13 1111. 1111111, 11111111 11111 1111311 11111111111111. 255.

111111. ’13321 8111111111 emamus 1111111113 om 11111 1111111111311 med 1111113
Christian, 1111111111111, 11 1111111 111111311311111131, 1 111111111111331111 (11111113
111111111111 bemaegtige sig 1111 8111111111111 1111111 111 111131111111 11, 111 1111111111
111111111111; 1111111111 1111111111, 11111311111111 1. 111 1111 1111111313 11 sit 11111, ⁵

111111 11111111 111 1111111111 11111111111111 111111111111131111113 1111111111 11 1111- ,

11111111. - 1. 1111. (mm .
1111111111. 13 1111. 1 waitz, 11111111 11111 1111311 111111111111 1. 382

 

