’8378 111113 11111 111311 1111111 111111 med 1111331111 1111111111 111 11111111
1111111, 1111111. - [lp 1111111 state Sonderborch, 111 111111 111 11111311 1111 1111131.
11111111. 1. 811111113-811111111111111113. 111111111225-11. (Plattydsk.)

*8318 11113 111111 1111111111311111111 1181111111 11 111111 111 1111111113 11 1111111.
11111 1111111111 111 8111111 med 811113 13 1111111111 111 11111111 111131 111 11 1111111
11111 111 111111111111111 mod 11 11111111111811113.-111 11111111 111111 8111111111νώ, 1111

11111 111 11111311 11111111111131. (1111113111.)
811111, 1111113 1111 8111111111111 8111111111.199-2ι10.

5076. 111111, 11111111111111131111111-11. 1,, ,gum
ι 5078, 1111111111. 111 (1111111111. 1111111138. 111-12. 21111111,

5079, 1111111111. 111 (1111111111. 111, 1111113 8. 142. 8. 11111. .

*838st 8111111111 1311111 (1 1111111111)1111111, 11 11111111 1113111111 111 11. 1111.
131 111 Forstanderne 111111111111111411Μ1111111111111 1 1111111111811111. -»

1 1131111111 1111111 111 111111( 1111111111
λ 1111111111. 1. 8111111113-111111111-1111111113. (1111111181-112,

’8381 111111111 1 111111 1111111111 11113111 11 med Biskop 111118111111111 22 Febr.
1111111 11131111 111113 11111111 11113 1111311111111, 1111113111113111 1111111, 11111-
1111111 1111 11111 11111311 111 11 11111 111113111111111 11 1111111111 1118111111111
1111111, 1111111111 1111111111 1111 1111 1111111111 1111111]111131 11111 111111 13

1111. - Amice, (111 1111111111 11111 Petri apostoli.
11111111, 11111 1111. 1111111181-1111.

181182. 11113 11111· 11111 1118111111111111 111 111 111131, som 1111111113113 11111111.

111111 11111111 111111 1111. - 11111, 111111113111111111111111111111111111Ιηί11111.
1111111111. 111 Geminam. V. 111-83,

·8383. 1111311111 11111311, 11 8111111111 113 1 111111 111 1111111111 maa 4 1111111.
1 11 ι1113113111111 113, 111 11 1111 111811111111111111111111111111, 11111 11
(11111111 1 1111111, 111 1111111 111 11111 ’113 1111111131 13 1131111111, 1111 111111
1 11111111 111 mere end 11111 8111111111 1111113111111111, 13 1111 11111111 Μ111-

Ι. 2- 111111, sancti 1111111111 1113,
11111111, 11111. 1111. 1111111 1. 83-84,

l ¹8384. 011111111111111111111111111131311111311118111111113111111111111111111111.
11 11111111 111 11111111311111 1111111111 111 1111111111 11111111 1111131111 1111111111
11111 1 1131111111 111 8. 111111131111 1116111111 1111311 mod 111111111-111111,

111 1111111 dominicam Reminiscete. , 1811111.)

agen 11
811111, 1111113 1111 8111111111111 8111111111203-214,

‘8385 11113 11111 1111111111 11 11111111 1111111111 1 111111 13 1111311111111, 5. 3333,
1 13 1111113111 1111111111 11111111 111111111 1131111111 1111111111 111111 1311111

11111 Ν1. ’83811 - 11111, 1111111311111111111111131101111.
1111111111, 11111 1111. 1111111 1. 84,

 

