Κο11111111111111111111.   , 1507

1111111111 11111111111 11111111111111111111111. 11111 111111, 1111111- 1133
11111111111111111111111111 og om, 1111 1111 111 111111111 11

1, 11111111 11111111 Philippi 11 1111111.
1111111111. 1111111. 11. 811

1111111111, Prior i 111111111111 111111111 1111111111, heder 1111111 111111-
11111111 11 11 10011111, som 11111111 1111111, 111 1111 1111111111,

111111111111111111111 1111111 11111111 11111111111111111111111111. -

1111 11111111.

1181111111,11111111-11111111111111 111 11 111111111111. 111. 1111111. 1 11111111,
1111111111 1111111111 11111111 S. 330. Anm.

11111111111111111111 Diplomatnrlum 11. 184-311 8. 11111.

111111 1111111111 1111111111 111 [111111 Fru Sophia, Ε111 1111111, 11 9. w·
11111111 hos 111111 111 1111111 1111111111111111111, men 1111111
1111, 1111111111, 111111111111111111, 11111 111111 1111111, 11111111

Ι1111111111 111 [11111111. - 11111111 11111 1111113 11111111 inventionis.
111 8111111111, 11111111-111111111111311 111 11 111111 111111 1. 182-81.

1111111111 1. 1111111111111111111 011111 11 Ν111111 111 1111111111 1111111
1111 ham og 111 11131111 11111111. 11111111 11111 11 1111111, 111111111,
1111 1113111 111 hans Hengivenhed 111 11113 christiam, og lover at
11 111 1111111 1111111113 111611111111311111111111 11111 1111111111
som 1111 111111111111111111 [11111111 1111111811111111, 1111111
11 1111111111 11111111111. - 11111111, 11111 111111 prox. 1111 domi·

111111, 1111111. 111. 724-25.

11111 (11111111 1111111 11111111111111011111 1111111111, 11 1111111 11. 11111.
·. Ν1111111111111 sagt 1111, har gaaet, 11 han 11111 111 1111 [111
111, men at 111 11111111 har 1111111111 1111111111 11111 hos 11

- 11111111, 3. 1111111111. 11111111111111 11111111.
1111111. 1111113. vll. 725—26.

1111111 11111111 11 1111111111, 11111111, 11111111 11 have modtaget 10. nass-
Forlening 11 [11111111111111111111111. - 1111111111, 1111111111 1111
Ι1181113111111, 'oachim 11111111 S. 47-48.

1111, 111111. 111111 11111. S. 1318 (11111111. vm. 189). 14. 11111.

g 1111111111. 11111111 111 111111111111 11111111 111111111111, der 16, 11111·
b 1111 mistel 11111 1 111 1111111 1111, 11]·1111111111111 1 11111. ——

ge 1111 deme sondage Cantale. (plauydffl

phalea, 111111111111. 3250.

111111 11111111111111111111111111 oluff i Trondhjem om 1111131111 11. nass-
om Kong 611111111111111111111 1111111 111 1111111111 1111111111. —

111 1111111111-111111111.
1111111. 1111111. vm. 651-52.

11111111, Annales 11111111 11111111. 814. 1111111,11111111181111111111111 1811111.
,phi 1111111111 S. 6—7. 81111111,11111111111111111111111111 11. 2111-31.

 

