11111 1111111111 111 1111111. 1523

C. 1530.

1111111, 1111111 1111111111 11 1111111111111111 1111111 1111111111111
11111111111111111, 11111 ’1111111 med 11111111111111111111 115301.
1111111111. 1 11111111, 11111111111 1111111 11 11111111, 1111111 S. 197-98.
1111111111111111 1 111111111111 111111 111 1111111111, Η1. Η1111 1111111
111 1111111111 111 1111111111 11 81111111111111111 Gallia.
111111,11111111 1111111111 11111. stu-85.

1111111111 111 11111 11111 8111111 11 Η1111 1111111111 11111 11111111
11111111111 111 11111 Sty (11111111, 1111111 11 8111111111 1. 1.

1111111111. 1111111. vul. 659-60.

1111 1111111111 (1111111111 111 1111111111 1 [1111111111111 111101111-

111111.
11111.81111 Sks. IV. 277-78-

1531Ι , 1531.

1111111111 1111111111 1111111111, 11 81111111 (11111111 11 11111 11111111 11111111-
11 111111111111111111. - (1111111111. 1111. 1111111111.)

1111111 11111111. Nor 111, 3. S. 96-97.

1111111111 1. 111111111 11111 111111, 111111111111 111 1111111111, 11 7- sanun„
1111111 11111111 1111111111, som siges 11 111111 111111111111 1111111,

1111111 1111 1118111111. - Slou Gouorpp‚ 111111111111 1111 11111111

11111 dagh.

1111111, 1111111. 111. 619-80.

2,948. 9. Ianuar.

1111111 11111111111111111111111, 11 1111 har 111111 'fidendo 1111111- 1111111.
111111 811111 11111 11111111 1111111. -Μ1111111 1111111 trium Regum.

(1111111111
11111 1 11111111. 11111113. S. 97.

111111, 1111111. 11111. 660-61. · 10. 111111.

1111111111, 81111111111111 1 111111111111, 1111111111111111111111 V, 10Ι sanum.
11 Μ1111111 111111 111 11 11 1111111 11 1111111111 (1111111111 1111

ιζ 1 1111111111, 11111. 111 relations 111. S. 298.
1. Ianuar 111 10. 111111. 10, Ianuar.

(Fransk.)

¹ 111111111111111111111 Η111Ν111111118111 111 811111 111111 11 111 11- sanuur.
1111, som 11111111111111111161111 11 Len 111111 11111.111.’1·2,7331.-

, 11111111111111 nach der 11111111 11111 11111111 dage. 1111111111.)

01111111 1. 111111181111111111111. 144-45. 1111111. Toll, 1111- 111111111111111
111. 554.

111111, 1111111111 1111111111, 111111111111111, 1111111 111111111111 11 11111111.-
nand paa Naesbyhoved‚ 111111 111111 11111111 111. Jacob 11111111,
, og 111111 Η111111111 111111111111111111111 (111111 1 5111111111),
111, mod 11111. Jacob i. 111 1111111 111111111111111 111111. -

ml.
Samlinger 1 111111 11111. 11111111. 111. 261.

191·

 

