1634.
26. 11111.

1618 »161666666611 ’

——————-.—————·—————— —....——-—.-

’13310 011 111111, 111616111161666, 111161161116616661, 011 161161, 11166616,
sumt 11616 1661666666 16666616 61666161) 11611, 61 1161163 Christian er 16161666 111 11616163,
63 11116666 ham 1161666113 61 1111361666 6616 1111616163. - 11611661, 866663 61661 61161

· S. 1111166661) 111661. 063.

26. 16111.

061. 1 01166, 11611616111111 266.

’13371 (11616661616111161016666613 666611611611161163 11616661 61 61661166-
6613 om, at 661611616366 1811111666 63 116 6161611613666111616 111 1166666 1166 11663

66116116166 116366. - 86616610616666166, 6661636 6666 166661 61661611. ’ 111661.)
1616666-11111161, 111111116111161616161666 1, 113-20.

’13312 11663 6661111611611161666 1 11616166 161661 1616111611, 66 have 66661

ham 1111116111 11666 66116616, 661 6616 16361613 1611166 61616116361166301111611616 11.

111 116636 616166 116 111361 816113, 06616611 63116136. - 8666163661, 16 61661166

166661. . 18166611
0111666161116161611. ΙΙ. 222-23.

*13313 3666111666 6311116 1166161 6661666 1161163 11616661 61616611666613

66161 sende 6661 sine 1161661 111 1116661 161-6166661666616 1666 6616 om sager, 6616

.· 6636611161 661161606163116616611, men som 66 ikke 16166166116166666. - 6166663611

6666 166661. 1116111661.)
1616666-1161161, 1111111161111 6161661666 l. 120-21.

*13371 1061616 8111111166 111 1161163 111611 61 16666613, 61611 16661666, 61
1116116166 63 313616666166 1 06661611 616 11666616 1666166661, 16161 166 denne 81666
Μ6611116163 6166366616 11661166166161166161666661111361; 66 6616 116161666166 63 66
1166616 1616666111 613 6666613666 63 11116 6616 66 116636, 661161616161 66661111116

666 61663611616 863 1 [16661611 6366161161 63666 1 1116661. - Μο6163 66611 166661. (1116111661.)
1116661111, 63 1161. 1 1116111, 1116661 66161 1111366 Wullenwever 1. 377--78, 11. 246.

*13,775. 166611 0611616161 6166661611161163116166111 61616611666613, 61 1166 661
6666661 100011666 11666 6661166 1661661616 1666616636, som 61 1166163 til 1161163
0611611666616111. - 616666366 66611 166661. 1Ρ16111661.1

1616666-11111161,1111111161111 0161616666 1. 122.
· ’13316 1111611 11111666, 1116661, 6666116116111611631161666161616611666613 om
611163 11666 66 1166661616166661616316, som 11166 616361161163 Christian til Ejmffi
1166666616 661 6111131161 613, 6166166 hele den 666116 16613661016166 111 1166666, flr,

16616 11166 61 166361 61 116616 06633616. - 6161116, 666 66666366 66 161661. (0161111661.)
6166116666,1111111111616111661616 1. 123-24. ’

’13311 116111161 161116 16161111 61866666661661161 161 66 111 1161163 Ernst af
16666613 61666616 1166666161, christoph von ’1666666616 63 0661161166 6116111111, hvof.
6116166 616116 16666616 ham, 61 166661 661111666111611116166 1166166116 111666, og 101.
666616 1666 ham 661616; 16166 161, 6136136666166 6116166616116666161666 6166366616

· 863 616166 166 Μ63166 1 11666611, 616611166616,661661661636166611111116 at 313133

28. 16111,

11166661. - 01666163 nach 166661. 1116611
1116611111. 63 1161. 1 Waltz, 16666166161111366 1161666616 11 298-99,

113318. 16111161 161111 161611116186666666 166116116166111161111 166 ’1666666616
63 0661161 166 61611111 pan 66166 86666166 111 166661, 1116161161 66 1 1616111113 med ¹
16663161 Philip 61 11666666 1116661 1111116 6161163611163116366 16611661 1116661 63 1111161661 ᾇ

 

