Κο111 0001111111 0111 11110111. 1205

----—-—·——-—-———.-----———— -—— ———--———-

1516· 1516.

10101101111111 1. 110011. 1. ianuar.

111111110111101111 11111 111 11111 1111111 1111010101 1111110011 1110011- 1. sanun.
11001 11 1011111 101 01 0111111101, 1110 1111 11001 sine 800111οο1111
1001110110 [100111011101001111 01001110. - 1110101000, 11 11111-

111. 111011.
10111, 0001110001001 de 1111011110 11101 1111110111 0111111111 ss. 385-‹38 ,

*10,105. 1. sanun.

1010101101 1011 3. ianuar. Ι 3. 1111011.

11101 10011111 11 8111111 0111011100 11111111 0111111111 0111111110 1110011- 5 sanun.
00111001 011 1111 101 111 11111101 111 1110100111011101011011.-11110,

10 00.
11118111. 1. 81111110111101110101101011011. 011111. lv. 313-74.

10007. 6. 1110001.
10082. 6. 100011.

1111 1111111011, 011111 1110000110 og Sognepraest 1311111100, 1111101101 1. 1111011.
»aa Vestergade til 101 Horres 1110 1000011 Alter 1110111111 1111111011-

ipso dieb. 010011 ducis et 111111.
dam, [1011001011011101 11011111 S. 147-49.

11111 011, 11111118οι1, 11111111 11 11111 1010100001 101 S. 01111001 1--11,
11011111 111111 1111011. - 10 den 1111110 dagon 011111011110 01111 sannas.
10011, 011111. 0 81101811101111, 11111111 S. 15. (Plattmk',

,011100 11111111 01 11111011 11010111011011 1111111 11 111101 Fru 11101 13. 1111110.
1011 efter 1110001 0110 11101110, 1000 0010111010. 101101100110

20nnynge. (1111110111

111111. og 1101. 11 1101101111.) 11111111, 01100111. 0111111011 0. 0111111. 1. 0011111
1110011 S. 362.

101 0111011111 1181111111 og 11011110 1110011111 1111011 101 en 11 1111111111 11. 11110.

11111111 1001010001811111 0111 1111011110111 og 000111111ῐο. - 11111,

01111 011.
11. og 11011 00110111101111010010 11111110-110111-1010011 0111111101111101. s)
10.

,101 1011101111, 1111010100 1011010011, 1111111111 11111100140111111 11, 110011
0 Frue 111111 1 1010111011 mod 48 81111101111111 1100111 010101 1 111

1101110011. (0111110111
ln, 0111001011001111011011101111, 121.

11 Μ11111111111111011101 101 81110000 von 110101111110 11111101 Sen— 11110011.
110, 1111010 han 1111 01101011 1111111001110111111 hjem til 11011110.

011111000οε0 111 1100111. 1111111

101. Austrum. 1. 1111111. scriptor. 185-87. 1101. og 1110011111. 1111111011 1
De tro nord. mgers 11111 11. 303-308, 1111110. S. 548. 100147-51 og 1 1111111111...
. De 1011111 1100111 111100 oldenborgm 81011 S. 301—302.

 

