1126.
11 111111.

17. 1111111.

21. 1111111.
21. 111111.

21. 11126.
1111111.

28. 11111111,

29. 1111111.

29. 111111.

29. 1111111.

311, 1111111.

2. 1111111.
11. 1111111.

1416 Kone Fanum 1111 1111111.

’11971 1111111011), 1111311· 111111111111, 1111111111 11 11111 1111111311 11111111-
111111 0111111 1 ’1111111111 128611131111111, som (111 1111111Ε11111111113 111111 (1111111111
11111111 skyldig. -11111111111111, (11111111. dach 11 1111111111. (1111111111.)

1111111111, 1111113. vlt 681.

’11,976. 111111 111111 1111111 heder 11113 6111111111 ΙΙ. 1111 11 1111111 11111
71111111, semeles dem, 11111 111111 dell 111111111131131111, 11111 1111111111 (8111111111),
Μ11111111111111111111 1111111), 11111111 (1111111111), 111111· 81111111. 1.; 1111 1111111111
111 11 11111 dom 1111 113 13 1111111 11 11111111 113 hee bossin 811111, end 111111 111
6111111111 13 611111111111111, 11111 11111 111 11· 111; 111131111111111111, 11 1111111111

111111111111111 11311 111311 1111111111. -·- Berl‘n, 11111 1111111111 hg Nouembris.
111111, 111111 1311111 111 Chr. 11113 Fr. 1.1 11111 1. 449-51.

7718, 11111. 1 71111, 1111111. om 11111113 S. 168, 11111 1111111 1131111 11111111 25. November.

’11,977. 1111111113 1111111111 1111111111 1111311111 af 611113, 11 111111311 11 ,
11111111 11111111 111 11 111111 1111311 (christiam 111111 1111111111 1111111111, 111111

11111 1131 (1111111 1111111 Son 111 1111131. - vienne, 24. 1111111111. (111111.)
11111111 1 1111111111, 11111 (1111111111111147111111.

7720, (1111111111 11111111 11311111111111. 326-27, (1111111111 11311111 811111111111111131
2111111111).

’11,978. 111113 1111111111 Ι. 1111111111, 11 der skal 1111 461131111111 13 11
1111111111 1 1111111111, som 111111 1111311 af menige 11113111 1111111111 og 11111111-
111311111 1113311111 1111111311. -- 0111111111, 1111111311 1111111111 1111111611111111
virginis et martiris 1113.

0. 11111111, [1111111111 Dlplomatarlum 1. 366-67. 11111111. 113 11111. 1 1111113, 1111
11111111 [1111111111. 111 11111111. 11. m

·11,979. 111113 1111111111. 13 1111111111 111111 11111 1111111111 deu i 81311113 111
1113111 1111111111 111111 med 8111111 11111111 om 1111111111111 13 1111111111 (11111.
’11,1111’1). - Odenato, 11111111311 1111 11111111 ,11111111 apostoli. (11111111.)

1111111111, 11111. 111 1111111111 11111. S. 77-711

’119811 1111111111 10111111 1111111111 1111111111 1111111 det 11111111 1113111111 11
11111111 111. 1111311 1111111111 1111 sine 1111111111111111 111131 111 11 1111 det Gods i 111111
11111111111111111111111111, 111. 11111113111111 1111111111. - Ex 01111111, quintu
1111111111 1111111111 11131111.

1111111111. 11111113, 111. 546.
’11,981. 111111111111111111111 1111111111. 11111111111111111111111, 111111 8111111111ώί

11111111161111111111. - 1111111111, 1111111111111111111111111111111111111 Anno 71132111.
11111111, 0111111111 111 11111 S. 84-81. 8111131, 111. ’1191)0.

7721, 11111113, 1111111111111 111111111111 S. 61. 1111111, 11111111111 8111111113111111111
Udt. 1 211111111111, 0113. 1111111111 S. 129.

7722, walam, [1111111111111111111111181111-31,1111111111 Datum 1. 1111111.

“11,982. 111113 1111111111 11 13 1111111 111111 1111111611 Else 111111111111111 ,
13 11111111 11111111 1111111111111111111111111111 11 111111 1111111131111 1 0111111111, 1311
111. 11111 1111111111, 11111111 1 01111111, 1111 1113111111111111111113 oua Forsanss 1111111
- 11111131311111111οΙΜ1, 1111111 8111111113. 11 1711111111 amhn.

1111 1111111111-111111111131, [111113 11311111111111111111111111, 153.Μ, svn. 31111111
1111 71111111. 8111111111 11111111113111867, S. 83-81.

 

