1382 81111 81111111 11111 811111.

1 .
401121ῗῦ1· 1111; 111 11111311111131111 111 11111111 111, 11111 111 11111 11111111181111111111111

8111 111 1111111311 8111111111 1111131 tii 11113111; 111 11 1111111111 1181111131
’11111113 11111111 1111111311; 11113 8111111111 1111113111 have sijaaiei 11 111113
1111111111 811111 131111111 1111311111 Norge. - 1111111 113111· 1111311111, 11011111
mmm - 1111111111111113111 651-53.

¹³⁰⁸t *11,670. 11111311111 111111110111. 0111111111111 1111111 11111111111111111111

4· Μ’· 1113. 11111. 2. 11111111111111 [inii 11311111 111 1111111111 8111111111. -11011011111,
1111111111, 81111111111 1111111 13 81111111, ’111113 S. 183-84.

5. Dechr. 7594, 0111111111 i 1111111111, 0111111. 111311 11111. S. 1288 (1111111113. viii. 119-811. 01101-
1 31111111 11 11111 8111 11111111, Breve 1311111. 11111111. 111 13 11. 1181111111.
11111. 13 8158, 111111. 3.

8. [ΜΝ. 7595, 811111. 111011111811113, iien 01111111 11111111 8111. 111 Reform. 1161011811.
011 11111111111118111111111111. 393.

1 11-12. *11,671. 8111 1111111111 1111111 111 11113 8111111111 11. om 11111111, 1111111
11111. 81131111111111 10111113 11111 Wendiandi iaenker 11 111111 sin Plau 11111111111111311111
11 11 111113 11111111 1111311 13 81111111 111 8111111111. - 11111111, 1111113111111
1111111 11131111. ⁴
111111, Breve 1311111 111 011111 13 11. 11 11111. i. 314-78. 81811111111111111111
1111131, 1111 iiii. 113 Decembris.

11111111. . 7596, 8111113111, Chrieiiernue ii. S. 16. Pontoppidan. Annali. 111111. 011. ΙΙ. iiii-ii

Christiani, 1111111 (11111. 111 81111311111111 i. 260. 11111111), 8111.-1111.5111111.111”1·
niunden 1111111. 1311113111. iii-75.

13-[11111 *iiiiii 8111118111 iim 110111 1111111111 111113 0111111, 11111 11 8111110

111111 1111111111 111111 111 1113111 111 opsoeiie 111 Visiiaiiensrejse deriii3 1111111311101

111 om Lejdebrev tii denne 13 11111 ai paaiaeggeProvsierne i 11311 1111111311181111·

13 1111111111111 iii 81113111 ,13 1111 111311 1111111111. - 113131111110111,111111

111111 11131111 1131. 11111111
(1111111111 1111111 81311111111 111. 355-56.

1111111. *iiiia 8111, 811111110111, 13 0111 1111111, 8111111111 111 1133111111, ii
11111111131111111, 11 11 have 11111 11110111 111 011111111311 1111111 1111111111
811111 11111 111 8111111111 01111 1111111111 13 11 11111 nordenijaeidsiie 1113111101

ῑ 1311111 11311111318111. - 0111, sancte Lucio dagh. 1811111 011111»
11111111 111 1111111 81311111111111. 356-51, «

16. 011οΓ- ·11,614. 811113 81111111 11Μ1111111111318111 111, 11 111 1111111111 1111111100
11111311111111111 13 811111, 1111111111111111 131111, 011111 1111111111 13 8111111111

d. 111113Ι 1119111111111111111111111. - 11111111, 8111111111 1111111111. 111011
11111, 11111111. 1. Vereins i. 11111111111311111 (1111111111 111111111111111. 1111140

11111111. ·11,675. 811301111111111111. underreiier 11131111111811311111 em, 111111,Ι
' Grund 11 01111113111 8331111 ikke 1111 denne 111 11111 111 honde, 13 1111111111
1111111111 111 11 111111 11131 111 1111111111. - 111 8111111111, ie xx, jour de [11111111

1
1111, 111113 11111. 111 1111. 111-11. ’Μ

 

