Konc Cnnlsnnn nnn 1111111. 1741

- - .—-. ...- ——a- --...

»ng 0111111111 1111 1711111111 11111111111111111,’1111111111 111111111111, 12¹5¹¹¹¹¹n
m liggc 1110131111111111 i 11]·11111111, 11 11111111 11111 11111.-

11 nest 11111111111 1111 dag conceptionis.
1111111, 1111111111 1111111 cg 11111111, 111111 1208. 1111. 1 0. 11111111, 1111111-
111 011111111111111 11. 251.

1111111111 111111 og 1111111111 11 1111111111111 og ccnenurg clune 11111111.

11 11111 cong 0111111111 111. -111 11111 111111. , (111111
111111-11111111, 1111111111111 01111111111 11. Boo-303

11111 og 11111111 11111111 111111 Christian ΙΙΙ., 111 111111111111111111111 mcccc
1111111111111 1118. 11111111, til 11 11111111 11 Made, 11111111111

1 11111111 1111 og 11 111111 5111111. - 1111111 11111111111.
11111 1111. 1 111111, 1111111 1111111111111111111111111.172.

1111111111111, (111111 1111111111), 111111111111111111111, 111111111111 1111111.
1111111111111111 1111111111 1111111111 og Foengsnng 11111111 11111 111·
11111311 1 11]11111111; 11 1111111, 111 1111 11111 01111111, 1111111
111 11111 [1111111111 111 11 111 11111111111111112100 Μ111.- 1111111,

1111111, 1111111111 11111111111111.151-53. ·

1111111111111 11111111 118111111 og 11111111111111 1111111111 11111111 21111111·
. 11 1111111 sig 11111111111 og 11111111 111111111111111111111111

11 schmalkalden. - 1111 1. (1111111537. 1Τ1ᾱ811

11111. 111111. 11111111, 1111111 11111111111 Wuucnwcvcr 111568

{nug Ccnnsmn 1111 1111111111 111 enus 111 11111111 111 111111. - 21111111.

n. 11111111111111111. eones. nnnc. 11. 111.

1111011111111 1111111111, 1111111 111 1111111111 4000 Lod 8111 11 S.
111111, 1111111 111 11111111 1111111 111111111111111111 11 111111 11

1111111111111111 ng 1111, 111 1111111111111111 1111111111 Penge. ·
dt. 1 1111111 11111111 11. 118.

cng cnnsrnn 1111 11111, 11111111111111111111, 111111 S. 1111111 11111111
111 111111111 111 sig nna Kongcns chnc 4000111811, som 111111

11111111.

nt, 1 naum uagum 11, 69, 11111111111111111111111 11111111111111111.)

11111111 1111111, 11111111 111111111111 1111111111, 111111111111 Knngeus
'nvclccn, 11111111 S. Knuds 111111111011111, 1114000111 8111.

11 1 1111111111ςυὶ1 11. 68.
111 111 1111111 011 111111 1111111111 111111111111 1 1111111111 1111111111

11 111 1111111111111111111 111 consen, 1111111111, 111111111
ι 11 11111111 111 111111, manto beholdc 111 1111111111111 111 1111111.

11 1111111 1111111111. 113-11.
111111111111. - 11111 nar.

ortegnclsc over den
11 1 (111111, 1111111111. 111 1. 1111111 111111 1. 28-30¹

cc. 1.

 

