700 Kosa 0001011000 0011 Fossis.

——---

121241‘331’12. *5582 Vidnesbyrd 01111010011111100001, 1101101010301 1 101101301101101, 03 3

antire, 0110 1010 1011011111. ’11011010 113110 01110010 1 8111111010 meditere Godser. -
1100 10101031 101 000011 1011000 dagh.

11101101. Seluk. 111. 5. 11011110. 11101.-0111.111.1. 125-26

22. Aprilis. *5590 1101... 1011100000, Bymand 11101001010, 001301 111 111. Jacob 1011000,
11001 03 perpetuus vicarius 11101001010, 00 011101 0001011030110 i S. Peders 80301
1101001010. - 10 profesto Georgii 10011. 3101.

0. 11101000, 1101001000 1101000011οω 11. 115.
23. Aprilis. 3791, 1101000101. 1101103. vi. 534-35.

111111. *5591 11000111 1011000011 0111011010 0001001101111 111. 10100 1110100000 0101011
03 01001 000 110100101101 1 010000 101 40 Μο111 131011, som 1100 01 1001 01131013. -
ostansa, 10110101110 post 1001001 b. iohannis apost. 0010 portam latinam. 11101101

1111. 0011 100011 10101 810100000, 1111103111 0100001110 11101. 1, 2. 8.13’1-38.

1⁸· 11011· *5592 1101103 110011 01 8100113 0101100101 staden 11011ᾱο10130 1011103101. -

0011013, 001 avendo Trinitatis. (Piaitydski
westphalen‚ 11000010010 11. 3236.

1011111· *5592 01000103 1100011101 0111001101 110133011111110 11001013001100 1 010000,
som 111. 81000 Basse 1111010 10110 1 101130. - Castro 1011010001, dominica 1110110110.

1111. 110101 8110000011, 1111103 1110101100 1110 11101. 1, 2. 8137.

intestinis. *5592 11100 1101010 110 Mali 0011301 111 1100111 81003011013, 110101 1 1011103
830001, 00011110 1100110Ιο 10300 01100 1101113101, 0010 0111110111οη 1001, 1000 11001111 03
100010 0110110 1110110 1 Maii 1101101 01101 0010001010, 001011311011030011000 11101013 03

8001010101 med tiiiiggende 0010. - ,0100 nug.
011. 1 11101000, 11101 1111011. 001 110111101101 8.]10-11.

21011111· 15595. 111000 1110001111, 11000111 111110, 01010101 11101 001, 01 1001101101] mand
101011110100011οΜ0110 8030 1 Μο110 Ηο1101 0111011010 111 111. [1001111 8100301013, Kannjk
i Bibe, 1100 11110 1101111010 vigne 0110 0100, 010 11001100 03 01001011011100 Ejendommei

Molis Ηο1101. - liiiio 0001111101 01030113, 1100 24. Maj.
1000101010011. 1 11101000, 11101. 111011. 001 11011 1101101 1311.

2011011. 11596. 1101131010100 10000001 100 111110 03 10310 01 111001001013 og fler-
10301001101101111 03 1111000 100 111110 0310310 01 10100010 010110 10110110. 1101-
111301ηο 11011030 11010111, 10 1111010111010 01311001, 11003 11111101 00010011. - Prempiztow,

am 0111100010 00 00010 11100110 1030. (Ρ,,,,,ᾱ,,,
1110101, Codex diplomaticus 111001011101300010 2. 1111110111. 11. 407-12.

po„ 3311011, 3792, 011001000001101, 1. 00111000.·110101.-1110001. (1000110111. 11400-401, ¹

31. 11011. ’5591 11100110 0110000111011, 1110 0111000 1101101010110, 11101001 01 have 31011 01
fuidkomment Skiite 0101 0100101011011001003 010 011 10100111030101 8110000 03 1100
1101010101 0110110100 10101, 110101 03 00 01101 1110101, 0110101100 01 1011110001 013 0010
med 2 11001110 1 11111130 03 tin i Viye 03 0101101101 011 1101 011130 111 1110110100, - 1100

11010311 nestros 000011 1100010011 dagh.
1111101101111101. 111 1010101100 11101. 818.

 

