930 Κο110 0001000011 0011 0011000.

1214181110 2619. irs 0101110001, 7011000, 1110110001 iir. lirici 010000 000110001οη 013 000100

1801033010013 By 03 80301 01011101 001100, 003 00010001 0101. 011011 00111 skal 1001000
0001 101 100 1110111 03 01 813110 111000 111 6 Meri. — iiie Gregorii.
001001, iam. 0000011001ίο 0101. 1, 01111010. 8153.
12101111· *7620 01001111 10110001 1000011011 1001110001 01. 1111011 0110000 00011000100 ara
0001001 801033010013 By 03 8030 1 01010111 1101100, 003 00010000 01 111. Erick 0010 0011

1001000 dem 101 100Μο11 03 0181111110 111000 11160011. -— iiie Gregorii.
001001, 1100111000011011110 11101. 1, 01111001. S. 151-52.

0111101111. ’7621. 0111100 0111101111, 0001101100 8011, 03 6111100 0111101101, ,10001100 800, ¹

0001000 0111011103 001, 0111000011 11100101 001 0011111 dem 300 Mari: 1010000 2400 111001
101 0010111003 0011011010 0011011000 8013 ei Godserne Schonenkamp, Korow, Dakendorp

03 001010000300. - 1101 0300000100 vor Laetare Hierusalem. (0101130011 ·

01100000001001. 0.00010011.·00101.-100000.00101000. 111. 120-22.
1. 1111111. *7622 111111, 0101011 1001111110, 1111110101 1101111010 01010000 101 ii Davidsgyiden‚
2 1010010 031000 03 i 81111000100101110011011111111100001100000001310 i Νο101000000.-

domitore, 00010100 001010. (Nosse)
nrpiomerar. 1101103. V. 6117. Udi. 1 000010 11030110 3. 11011110 11. 2.

00111110. ’7620 111000010001010110111110000101000001, 000010101110011100 nimum =

01 0001111113 03 011101 0001110010 ester 00101103 0111003 6011011010 03 1 Naervaerelsg 21
iiere, hvoriblandt liiskop 0011100018100113, 1 00 81110 00011010 1100100101 100100000110 03

810000 11101. - 000100030 00300100010100100. (0101130011 1

werrphaien, 1100000010 11. 462-63.
18. 0111110. ’7624 11003 6111110110οι1 10110001 01000103 0010111011 0100 11011113οο01οιοτηο 8100113,

0010100 03 8101111010 1011110110. - 0100001010, 00000300 101 000010.
001. 000 1101110101, [inumeris 111300 11100. 8. 959 (1110010113. 11. 281),

0011111110. *7620 110100100110011111111111110000311011100301001100101110100100 03 (1001011010

0100001011 03 810113, 8101110100 1111111000 03 8110101 03 0000100011οτ 1 der fomeffle
0130, 01 000 001 10110001 00100010 100 001 0013, 000 1100110 0100000100101· 1 0111000,

0100 8111101 11130 03 1001110101οῑ 0100 1101100100 0101010301οο 01810000 erga 111 000 1300110
01000, 0101101 00000001000 01 100 1101001010 010000000101 iijaelp 03 0101000. .- iiia,

1η 20. 103000 01000010 Aprilis. (Tydskj

i

11011011100011010.10100113.01104.811“1018.688-11. Urit. i 8001010000, 1103001011 -

10110100011111110000 0. 0001110100. 010001010011 S. 22.
1. 11111. ’7626 11110 03 01110111 111 1111111100 111 7010103 1101110010 9 011103 sord paa

0011010011 1110010 Persen i 0011οΙ. -1111 0030 Philippi 01 1000111 0000101010111. (Ρ101130011
1001000001 1. 0. 1000001. ri. 00110310. 8001001113, 00101010 rr. 100000. 11. 158-59,

011011. ’7620 11003 6001011000101001010000001001101, 100‚000 1110111 110011, hvorror 1113
00100010011101103000110018100113 111 01000103 00101000, 0100 8005010111, 0001 000 end-
110010 00100 10001 ham. — 81010 copenhaven, 0100 000100030 00 0001 01111300 0000030

000010000300111. (1001130001 ¹

11000000, 01111010οῑ01. christierni 0110118.“380.

20. 3311, 4693, iilia] 111 1110111 10000001 11101. 0001011001 101000. 11. 2111 030001 10111101 overe.. 03 111
1101110001 101.1010100.1.09-61103000 1100101οη001. 0. 8100000000 03 J.

10100101. 101 1010001. 37-88 (0100 001001 30. 111111 1480).
Ammine, ‘7628 11003 0011100000 Transsumpt 01 rihheri 001300 0100 110100 Bm 01

29. Maris 1481 001 1000301810101111.4690.1-0000 1101010.
1101100110, 0011001100οτ 11. ree-87.

8130100000,

 

