[(111 11111111 111 1111111. 1503

111111111111111111111111 111131111111111111. 111 11111111111 11 11 111 211ῦέ91111-
11111111111111, 11 111 11111111 11111111 1111 11111111111111111,
11111 111 11 11111111111 81111111 1111 1111 111 111 11111 111111111111

11111, 11111111 111111111111111 11111111 Oculi.

11111, 111111 og 11111 111 (1111111 11 11. 1.1 11111. 1. 1119-80. 11111111111111111.
1111. 615.

1111 1111111 1111111111 111. 111111 81111111 11111.Τ11111111ο1 111111· 11. marm.
111111111113111111,11111111111111111111111 111, 11111 1111 111 11111111
1111; 11 111111111181 1111111111 111 [11111111 11 11111111, 1111111111, 11 111

111, 111 1111111311111 111111111181111. - [1111111111. 18111111
111111111111111 111111111111 111. 51-11.

11111111111111, 11111111 11111 11111111 1111 11111 1111111111 11111 1 1111 14· 111111.
1111111, 11111 111 1111111 111111, 11113111111111111111, 1111111111111
8111111111111111, 111 11111 1111111111, 1111113 menige 1111111
1111 11111 1111111111 mod 111 11111111 111111 og 1111111111 11131 11111111

-11111111111111 111111 11111111111111.
11111111, 11111111111 11111111111111 11. 133.

111111, ,1111111111 111 1111111, 1111111111111110111111111111., 1111111 21111111
1111311 Penge 11 111311111111, og 1111111111111311 11 1113111 111 1111

11. - 1111111111, XXV. Martii. 1811111.)
111. 111. 81111. 11111 1111. 11111.

111 Lucu, 1111111, 1111111111Ι 111. 11111 1111111,111111 11111111111111111- 111-1111111·
11111111 med 11111111 11111. 1111111. hunge og 111111111111 1111
111 111111 11113 11111111; han 1111111111 111111111111111111 og 81111111

11111. - 1111111111, 111 11111 dag 11111111111111.
11111111. 1111111. 111. 661-67.

1111111 11111111 1111111111 1111111111 11111 1111111111111., 11 han 1111 211111111-
1 1111111 11 111111ρί13 1111 ρ111111111111111; 1111 11111111, 1111111111
1111 1111111 11111 1111111 11 11 1111 111111 111 1111111311 1111
1111111 111111111111, 11111 1111 1111111 1111111 1111 1 111111111111;

mod Forgist. - Amvorp‚ 29. Martii. Ι 18111111
1, 111111 11111111 11111111. 11.1 og 11. 1.1 11111. 1. 180-81,

1111 (1111111111111111111 11113 1111111111 11. 111 111111111 111111- 30. 1111111·
11111111111111 111 111111111111 11 11113111 1111, 1111111111111111111
1111111111, 1111 1111 111· 115111111111. - Kamppeu, 11111 XXX. dag

1111111. 1111111. 11111. 641-18, 1111111. 1 11111, 1111111111111. 111 Chr. 111 og Fr.
111. 1. 574, 1111.

1 (ww), Electus 11111111, 1111111 1111111311111111111111. om 111 3111111111.
111 1111111111111 og opsordrer ham 111111111Μ1111111111111111111111111

‘se sig 1111 11 (11111111) 111111. - 1111111111, 11111111111111 1111ἱίἰᾶ
(111111 1 .

Breve 1111111. 11111111, 11.1 og 11. 1111111. 1. 581.

 

