[1111111111. · 1611

. -.- - .——-— -.—----—.-—---a»-. -.— . ..-- -.. .—-—--..——-——-

1134.
1111111113 111 8111111111 1 11111111111811111111111111 11111111 111111 11. 11111
,111111 11111111111111 111111111111113111111111, 111111111111111 m. 11.

. jour 11 sufflet. 11111111
11111111, 111111111 111 relations 111. S. 1101-13.

10ng (111111 1111111111 111. Tyke 1111111 om 111 fijan), 111 11111 11 12v0119.
Riges 11111 11111 11 111111 1111111 111111 111 11 Formaningsbrev 111 1⁰1¹!-
111 og heder 111. Tyke 111111 1131111111 111111111111111111111111111-

ε, 1111111111 1111 Μ1131ι111. 1811111.)
1111111-1111111,1111111111111 (1111111111 11. 35-36.

Kong (111111 1111111 111111111111 11111111 mod 11 111 111 1111111 11. 11119.
111131 11113 6111111111111111311111111 11111 og 1111111111 11 1111111, '⁰¹¹¹-
ville 11111111, hvis 1111111111113 11111; 111 1111111111111 11111111ιί11

11111 11111 11111 11111111, 1111111111. - 81111111, 1111111111 1111

1111111-1111111,1111111111111 (1111111111 Ι. loe-103¹ (swmf)

1. 11111111, [1111111111 111111111111111 1. 382-83. , ¹ 111. 11111.

1111 11111 11111111111111111 1111111111 og 6 11111 11113111 1111111, 13. 1111,
1 111 11111111 11111111111111111111 1111111 111111 1111111, 11111 og
›ldt 1111 111111 Udliggere3 111 11111 dem 11 1111111 1111111 111 11 111111

- 111111 for 1111111111, Μ1111111 11111111111111 11111 1111111 1113,
11111111111111111 0111111. 1818 S. 38-39. 1111111 11 111 1111111111.

1111111, givet 11 1111111 1111111 111 11111111111111 1118111111, 111. 11111110.
11111 131111. 111111131111, 1111111111 de, 1111111 111111111111111111111- '⁰¹¹1
111111111111113 111 11113111, 1111111 11 sarug 111 11111111111111 Sag,

de 14 Bisper 1 1111111111 og Norge have indvilget 1 11111111 1101111111
11111111, 111111 1111111 11111111111111111111111111 111111 111111. -

Ι11111111111111111111111 111111111111 11. 292-9'5. “yma

81111 11111111 11111 arev, 11111 111 111 11111111 111311 11 1111131 1111111.
01111 1 ’1111111111 1111111111 11 1111131111, som 11111111111 11111

11ι1 1111111111. 1111111111 11. 1. 11111. 111111111111311111 1111311 -

11 1111111111 111111 sunnine dagon.
[1111111111. 1111111, 111. 811.

staden 1111111111111113 111 11113 1111111111, 11111 1131111 11 freds— 14· ¹⁰¹⁸
111 111 11111111 11 11111111 1111111 111 11 1111111311 1111111111 11

111111. . 1111111111
11111111, (1111111111 1. 1111111111 1111111111 1. 1111111,11111,-11(1, 134849.

111111 1111111111111 111311 111 1111113 11111111 11Μ111Ι111113 over 8111111- 11. 111 11.
ι1 og 1111111111, 11111 1131111 1111111111 1111111111111111 11111111 (1111 '⁰¹¹¹-

11111111. - 1111111311 1111 Μ11ς11111. 1111111111.)
1111111-1111111,11111111111111 (1111111111 1. 109—110.

 

