a. 11111.

3. 11111.

ii 111111.

3. 11111.

i. 11111.

9.·11. 111111.

10 inin.

i

1
111111 11111111 111 1111111.

-,....-.-,.--,.,.--.- Μ-Ἁῄ y

1111111111, 1111 111111111111111111111 111111; 11 1111111 111 111 111 1111111111 μ
Post 11 11111111111111111 11 1111111111 1 Γ1111111111 11111. - 1 1111111111 11111111 1111111,

1111111111 111111 11111111 01111111111111111111 11111111. 1111111111
Scin 01 1111 1111111 11. nos-203.

'l2,826. Ν11111111111, 1111111, 111111111111. 1111101111, 11 han 1111 1111111111
1111111111 lisina 111 1111111111, 111111111111111 nu 11111111111111111101111 11 1111111111
11111. 11111 1111111111 111111 1111111111 11 1111111111 1111111, 11 = 11111 AEriobispcn 111
1111111111 111 1111111111 11 111 hans Trosiob 111111111111 1111111 1111111. - 11111111,

11111111 111 visitacionis.
iiiplomoios. 1111111. 111. oio-72.

*121121 11111 11111111 1. 111111111 11111111111111 1111111 1111111111111111111
11 1111 1111111111 11111 111 11111111 coadjutor, 111111111811111111. -— 11111111111111,111111

nach visitacionis 111111. 1111111
1111111111 1111111 11111111. 187.

*lason 11111 11111111 1“1 1111111 111 111 111111111111 11 1111111111 11111111
1111111111 111111111111111 den iydsic 01111111111111 110111, Wolihcv von 111111111111,
11111111111111111111 mod 11 1111 111 111111111111111 11 Μ1111111 wilheim, Condicior

1 8111111 11111. ·- 811111 111111111111, 1111111 noch 111111111111Μ1111. 1111111 ¹
iionnmsnin Livonivn 1101111 V. 181-86, 61-69.

*iasio 1111111111111. 11111111 Μ111111111111 1 11111111 cn 1111111111, 111
11111 111111111 0111111111 1111111111111111, 11111 111 111111 1111111111, 1111111 11111111

11111111111111 1118111, 11 11111111 111111 1111 1111111111 111. - 1111111111, 11111111

11111 11111111 vor Frwuc 111 visitacionis.
1111111111. 8111111111 1. 108.

, ’11830 11111111111111111111111011111111111. 11111111111111111111111111111- Ι
11111111111111111111111111 011111, 111 11111, 1111 AEriebispsn 11 111. Wioosniius 111
1111111 11111111,11111111111111 1 11111111 11 1111111011111111111; hon skriver, 1111111111

1 1111111111 11 1111 1 111111 111111 11111111 111 11111111 0111111111. - Campos, 11111

3. 11111 11111.
- 01111111111. 1111111. 1111. 651-11.

inssi. Vidnssbyrd 110111 1111111111, 1111111111111 11111 1111111, 11 111. 11111
fluvi 11111111111111111111 hasdo 1111111111 1111111111111 11 11611111 1111111111 111

111. 11111 111111. - 1111111111 1111 fior s. 111111 1111111111.
111118111111111, 81111111-111111111111111 111 11 1111111 111111 1. 91-92,

7981, 'ihs 11111111 som voro mollem Donmovckss Prcisivr 11 Ewongciiske prodicionis 111
1111111111111111111111330. 1111111 1530. 111. 01-81111. 11.111111111,111111
111111111.8.1-18. 1111111111111,11111111111111101111.836-42Ι uuum, 111
111111111111111111111111.11.100-19. 1111111, 1111111111111. v. Donamus 11, 113-11
11111111 10111111111, 1111111111111. 1119-22.

·12‚83=2. 11111111 lions 11111111, 111111118111111Μ1111111, 1111111 Frn 1111 inis

0111111111Μ111111111 1112011111, 111 11 111. 11111111 1111111111 hasdo 1151111111

11. 11. - 1111111111,1111111 11111111111 11111.
011111 11111111 111. 111-11.

 

