11111 Η111. ⁴ 1119

1 .
11111111 111111111 11111111 1181111111 111111 1111111 og indbyder πξῗῗυυ.

11111111111 111 11 111 1111111111 1111111111 1111111111, 1111111 111
Lejde 1111511111. -κ 11111111, 1111111111 11111 1111111111111111

18111111.)
Ι. 111. 811111. 11111. 111. 242-44.

101111. 111111, 11111 11111 11111. 111111 11111111. 8. 432-33. 1111 111 1111111111, 11111
1111 11 11103 11111111 1111111111.

111111111111111111111111111111 111 111111111111111, 111111111111 111 11111
11 111 11111111 11111111111111 111111111 1511111111 og 11111111 111
111 111111111113111111111111111111. - 1111111111 11111111νά11, 1111

’ 11111111 111111 dagh. . 18111111

111111. 111 1111111111111. 11. 343-44, 1111 1111111 11111111 11 1111 11111111111
11111, 1111. 811111, 1111111 1111 8111111111111 1111111111 V. 1111111.

111111, 11111111 11811111111111111111, 11111111111111111111. - Noes, 1111111.

11 1.
1118, 1111111111 og 1111111 1111111111111 S. 235-37.

11 1111111111 111111111111111111111 11 11111111111111111111111 11111 111111.

11111111 111111. - 1111111111, 11211111. 1 11111111
1 1111. 1 1111111111 1. 11111111. 1111111111 1111111111 1. 111111111111. 1. 111.

11 1111111111 1111111 11 111111 1111111 og 8111111 og saerlig 111· 1111111,
,- ikke 11 hjaelpe Kong 11111, 111 1111· 1111111111 811111 81111 11111

- 11 1111111111 111111, 113. 11111. 1111111
1 1111. 1 1111111111 1. 11111111. 1111111111111111111111111111111111111 1. 154.

3111111 1111111 111. 11111111 1111111111, 111111111111 111 11111111, 111111.
11 11111111, som 1111111111111111, 1111 11111111 111111 have 1111111
11111111181111111111111111111 og 11 11111111 1181111111 111 11111

1111111111 1111111, 1111111111 11111111111111111 1111111111 111.
111 11111111 11. 111111 ll. 146.

[111111. 111111 moratorum 11111111 s, 111-13. · 11, mr,

11111 tutto! 1¹¹: 11111111, 111111 1 Mora, underretter Rigssorslanderen 191111.
11111 og 8111111111111111, 0111111111 11111111111, 11111111 11111
81111 1111111111 og Kong 1111111111 11111 og 1111111111 11111 1111
1111111111111111181111111. - Mora, 11111111111111111, 1111
18111111 .

1, 111111 nord. 1111111 11111. n. 176-81, 1111111. 1611-18.

11111 111, Electus 1111111111, 11111111111111111111111111 811111 11111111,

,11111 1111111111111 1 11 Par 1111- 11111111, 111111 11111111. 1811111111
11111111111111111, 111111 nord. mgm 11111. 1. 116, 1111. s. 611.

11111111 1111111111 11111111 1111111111 0111 11111111111 11111. 11111 16. m,
i 1111111111 111111111111 og det 111111 11111111. - 11111111,

''udi‘' , 18111111.)

1111111. 111 cenomanen. 111135-16,

 

