Κο11 1311111111 011 1111111. 1651

11111111 11 1111111111 1110111 11111 1811111101Η1. 131111 1111111, 1111111111111 13³5&-
11 111 11013 (111111 111 11111111 11111 01101 11111110111110130111111111111,
1131111111 11131111 1101131, 0311111311 11111 sine 011031111111, 11111111

ebe ud; 11. m. -11111111, 1131111311 11111111 111111 1111111311 1 111111.
511111 01111. 1 Tegei, 61111111 11111 11. 52-113.

01111111111111111111 Βο1311111111 03 [1111111111 1111111, ’11011011 03 111111.
3111110111111111111111113, 111011 111 1011 1111111111 ham 111 11111 11113
111 11 111111 11131111 0111111111 1101311111111111 11111111 11111 0311111
,1111131111110131; med (111111 11 0111111113 11111 1111 111111 11 1111111113

, 111111111111111111 1011131 1110 111111. (1111131111
8111111111, 1111111311 1. 1111111. d. 1111111111111111111111. S. 181-83.

10111111 101 111111 11111111 Η11113 1111111111 11 111111111113, 11 11111 13. et 16.
1111111 11111 1131 11 111111111110111111110, 03 001111111111111 1101101 Febr.
1 10111111; [1101111011] 11111111111111, 1011110111111111111311111113111
κ, 1111111 111 111 111111111301111111111811111111111. - Copenlwqen. 10111-

1111111131. 11311111

1111111111111111, 1111111111111 1111111111 1. 339-11. 111 Ι1111111111111 dat. 1111111131
1111111011111 1111. 111111.

11111113 1311111111 11 11011111, 111113110131111111111111, 11111111111101311 15 1111.
1111111101111111111111131111 pau 1111111111 03 om 110111311111111 111-
)111111111 dem 11111 0111101111 dem 111 11111111111101 1111031111111111

1111111111, [111113111111111 11111111 111111111.
1111111111-1111111, 111111111111111111111111 11. 58-60.

1111113 1111111111 11 Μ111111111131 1111111 10111111 1111111113 111 den 1011111111 16. febr.
10011111 1101111, 1110111110 lover 11 ville 11111 101, 1111011111111111 under
111111 11113 111111 111111 11111 1111111111 1311111111 Suadet, 1111 111 1013111311
; 1111 11111111 1111131, 11 1013111111011111 11111111 1111111 en 8111111111
1111111 med 1111113111 0111111111 1 1111111111, 1011111013 611111111111 111

1111113 1111111331 111110311 1111011111 03 1111111111013111111111 1111111111

11. - 111111111,11111113111111 111001111. (1111131113
111111, munden-samm. 1111111111. d. Gesehl. 1. 1111111111 V. 108—11.

1111111001, Ρ10111, 111101 03 11111 1101111111 1 Β11011111011111 11101111 181111.
1111111111 (111 dem 11 Η11103 6111111111 1115111113 1311011111 111 11113111
Sum have 10131 111 111. 1011111 1111111011 111 111111111131 1111111111

Bornehovedo 3031 1012200 Mark 1311111- Bredenberye, 10111111311

(1111131111

11111111 1111111111 von dem 111111 11. 1682 1113111111. Gammer-Gerflom ,3333313ῃεὶ8
3111111111 Processu 1111 61111 1101111110 1011111111, 11111. S. 23-26. Wentphaien,
1011111111 11. 523-25. ·

Dr. 10111 0111111011 03101111111111113 111110111111111111111113111 111111 181111.
1113 03 1111111111 ham 0111110111011111111111311 med 111111311111011

1111111131 111110111111. , 31333353.)
1111111111111111, 1111111111111 111111111111 1. 342—43

207·

 

