1535.
3. Febr.

3. Febr.

6. Febr.

11.·28. Febr.

1650 11000 00088080 000 ’180080

*14‚043. 11000000888818 111. 0181881808 11000 008181, 81 00 100810 0800 018801

1108100 11080001 81 0001000080 8808108 11100 og 01110 80000 10080 080 008 11008 og
11880001 van 010180 100 1180001, 0808108080 888008 808 80881 8008 800001 81 1800 081008-
8100000 gani 8000; 080 0008101008, 8100 100000 2000 [8008108310 1110 080 800010, 08
081108 10010800 ikke 088 0801101, og lover ikke 81100000108110 8000 00 1008180 og 0880

0081810008, 0000 81500810 {ager Del deri. - 1108800810 810110, 3. Februarii. ’
11808100 11800810 0110110 lv. 180-81.

114044. 118000801οο0 01800 0000880110 11081001 080 10010081881810 og 0808-
0800 111 11000 Christian 111’8 Sag; 0800 000 8080800810 og 18818008101001 08 010800

8880810801. - 1081800 Blasii.
10081 1101. 1110118, 000081 001081080οο 1001100008οτ 11. 383.

’14040 1181888808 11110001 0010100800008810080110111 og Berndt 0100001001011
111 81 108080010 med flertug Christian 8181080110 og 11018100 080 hans Landgodser og

.Pfennigbriefe· 111018100- 1108880080, februar 3. ’
’100811101.1080110080080810οε 0. 8001080.-00181.-180000. 008011800. 11, 1. S. 115.

*14‚046. 11188088 0188100180 111 11081001 [00010881000110110810800108800108 1 000

080818 Fejde. - 101 Tage Blasii ep. (Plattydsk.)
1180081011, og 1101. 1 Waltz, 000001 0010108000 1101100000οτ 11. 384-80.

’14,041. 18080811000 001100088101818180188111 0800 0081810088 0008 000 1100800000,
008 00 088 80001188 08 ham 8181, 8108801080 1 11000 0081811080 118 og 0800008 110080
088 8111101 sig, som 080 180 8080 001 00118000 080 000008 080800 080 0008 ’1118800
og 1081880008 81 8111108 108 8100 01008000 1100880080. - 111018, 10008080 0008 1100001081880.

00081 08088. 11008108108 0080181 0101000. 1803 S. 109—10. (Tmh)
*14,048. 0188008 1118181008 0808 0081810008, 8100101100 0080 0010101, 080 00 1180810,

og saerlig 888 mange 81010888800800 som 8001101, 00880000 01100 00000000011118800080

0088000000 Made Sondag Oculi (28. Febr.) -1108010008180,
1081811101. 1 Waltz, 1000011 001081080οο 0011000080811. 401.

‘14,049. 180088 08008 1118001008 1118100 000 111100 81 188008, ’81 080 og 11080
0808101001808000 0000 81 800000 008880 08010810 som Fanger 111 8101101 111010 1 Μο0111000080;
080 08 001080801108 8100 11880, som 080 800018108111 1118000 og avrige Slaegt og 000008,
0108. - 111010, Mandag 108 188101800.

1008108 108 0080181 0101000. 1803 0110--12Ι

¹14,050. Kong 0088888188 111. 0010808081108100 Ernst 8110000080 111 81 1800 00
1100010, som 1800080800 811108800 088 8018001 108 0808, 088 188 01080000, daban 088
18801 1010001108188 001 1180081810, men tillige sorge 108, 8100 ikke drage 111 0000010800.
- 1108880080, 18000801110000.

’10081 1101. 1 Waltz, 000001 001081οῐ000 0000000808 11,· 398.

‘14,051. 1101881111 00 018100180 1881181οε81 0801180880 111088001 10000011, hvon
det 0018108 sig 18000 01 111 1088110000000 Oculi (28. Febr.) 008808800101000 1 1108810083 til
110808000000800 [10810000 8111018100, 800018108 0080081800110 81 0080880000- 8101118001 og
800001, 08110808 81 0800 80001 00 81 8100 8080000800 111 1000000800 og 01800008 0180001,

11081001 og 1118808881 00080 0018880800. - Uden Datum. (1110000080.)
1180081011. 0010081 1101. 1 1001, 1100008018-000808088000 00800100100 V. 461-62‚

 

