Kese 11111. 1135

’11111111111111 11111111 111 1111111111, 1111111111 511111 11111111 ἳῦιιῦἲῗῇιῑὶ.

1111111111 8111111 heve 111111111111 11111111111111111111, 11 11 311
'iden 11111 111 11111111. - 1111111111, 1111111111 1111 111111· 111111

1131111111, 1111 1111111 1111 1111111111 111111111111. 1. 4116, ‘smum

11111111 01111, 1111111111 sebo, 1111111111811111 sture, 11 1111111111 (11 1111111111.
,11111 1111 med 11111 11111, men 11111 111111111111111 11111111 11111ς
1111111111, 1111111111 111 111 dem 1111111111, 11111111111111111111
11 11 sende 11 111-11111111 1111111111 1111111111. - 11111111111111111,

111 beati 11111111 baptiste. 18111111

11111111,111111.1111 11111111 1111111 111. 80-81. 1111111111, 1111 1111111 111111111111
1111111111. 1. 1117-118.

11111 1111111111 111 11111 81111111111111111111111111 811111 Nielsson, 30 Augusti.
1111 1111111111 sabe, 111 111111 111 (1111111, men 11116 Siibe, som
11111111 Ν111111; 11 11111 1111111111 11111111111 11 1111111 1111-
1Ι; hen 111111 111 11 11111111 111 11111111, men 1111 111 iiie 11111 11111111
1111111 111 1111111; 1111 1111111 1111 11111111, 111 1111111111 11111

- 11111111, 1111111111 1111111111111111111111. 18111111.)
1111111, 1111 1111111 1111 11111111 11111111111111. 1. sss-41.

1 1111111111, 1111111, 1111111111· 11111111111111111811111111111111, 11 1. septbr.
1 11111111 111111111101111111 pse 11111, 11111 111 111111111Η1111
en 111111 11111111, 11 hen under Vejs 111111, 11 1111111 111111111
11111 1111111 11111111 1 de ssnske 11 11111111 81111, 111111 1111 111
111, 111111111 111111 1111111111111 1111111111. -1111111111111, 111113.

,1111 111111. (81111111
111111, 1111 1111111 1111 11111111111111111111111. i. 441-42

’1111 susensi 1181111111 11 Η111111 1111111111 1111111 1111111111, 11 hen 2111111111.
1111111111 111 1118111111 111 11118111111111111 med 1111111 111111111111
11 Μ111 11111 Μ11111 11011111.) med sit 111111111111 111 1111111111,
11 1111 1111111111 1111111 111111111111111111111. - mentionem,
cii. 1111111111.)

11111111111 1. 11111111-1111111111111. (11111111111111, 11138. 1111111111 zeitschr.
111111 1. 11111111111611111. 1. 1111111111. 1. 157.

mess 11111111, 5111111111 111 S. lobannis, 11111111111111111 1111111111 31111111.-
111111111 1181111111 1111111111, 111111 1111111111 1 11111 1111111111 ⁶· ⁰⁰²⁰*ss

11111 11111 11111 Michaelis des werden 1111111111. 1111111111.)

11, 1111111. ven 111 11111111 1181111111111 11 1111111111 111 1111111111111118.
1. 81111111, [1111111111. 11111111111111 11. 40-111. 1111111, 11 1111 1 111111,
svis-uolet. [1111111111111. 11. 12-53.

111 Fanensis 11 8111111 11 Η111111 1111111111 11111 11111111111 med 1011111.
11111111 1111111 1 11111111 111 11 11111611111111 1111111 111111 811111

11111111 neeis Hieronimi. (Piattydsk.)
111111111111 1. 11111111.·111111.-11111111. sescunciae 11, 1. S. 118-39.

 

 

 

 

