111111 6111111111 1111 1111111. 753

...μ fl-...ffl-—ffl-..a—..ffl

111 11111111 11 1111111111, 11111111, 1111111 11 01111 1 1111111111 1 1111811111 114ῗῖ1

11. 111111 11111111, 8111111111 1 1111111111-11111 111 11. 1111111111 ²⁰· '⁰¹¹¹‘

11111101111111111111111, 11111. 1111111111 sab-86.
11111011111111111. 0111101111 pani 11. 80. 16. 11111.

1101111111 111111111111111111111111111.1110111111 1111111111- og 111. 11111.
1111111111 11111 1111 111111111111 1 1111111111. -11111111111111 1111111111, ·

111111111111.
111 11111111, Fa 11111111111111111 1, 11111111. ὓ 931-94.

111 111111 11811111 111111 11111111 01111111111111 111, 11111111111111 2111111.
111 11011111111111 11111111111111111111111111111111, 11 111 11 1111111
1111 man 111 vente 11 1111111 11111110111111111. -· 1111111 Puta,

1. 1111111111.)
11, 1111111 1111 8111111111111 11111111 111. 101-102.

1111111, nubentem 011111111111 11. 106. 30. 11111,
111111111111111111111 011111111111111111. 101. 11. Augusti.

11111111, 1111111111. 1111111 11111111, 81111111111111111111, 11111- 11111111.
unck 111111 11111 11111111 11011111 1Τ11111111 1 111 1111111111 11111111, og

111 111111. 1111111. - Reffsherritez 11111, sabbato prox. 1111111111

11111111Ι 11111111111111111, 1111. 11 1111111111 S. w,

g 0111111111 1111111111 1111111 1 11111111 1111111111 11 81111 1111111111 11111111.
811111 og den 1111111 1111111 11111111 11111111 om 1111111111111111111,

1 1111111 11111111111111111111111111 (11111.’611551.- 111111 1111111111

11111 dage 1. 11111111111111111111 11111. (1111111111
11111111 1111 8111111111111 1111111111 1111 101ω101.

ug 111111 1118111111 1111111111 11111111 11111111, 1111111 5111111 1111 1111 16. septbr.
8111111 81111 med 1111111111 1111111111. - 1111111111, 1111 1111111111111
· “ 1111111111.)
11, 0111111111 11. 1111111111. 11111111 1, 1111. 1390-91,

0111111111 11· 1111111111 11111111 med sin 11111111 8111111111 111 611111 1 30. septbr.

111111 -130, 81111111
11111111, 1111. 1111111111111111. 1. 119.

1111111111, 1111111, 111111111111 1111 11111111 og Kong 1111111111111111- 14. octobr.
1111111 111. 11. 1111111111111111 1111111 011111111111 11 11111111
em 0111111111 1011111111111, 11111111,’111 1111111 1111111,1 0111111111 1111

fe, 1110 Β. 01111111. 1811111111
mon, 1111111. 1111 11111111111111111.116-51.

aba, [1111111111. &affl-⁴6 1111 &bh-47. 811111, 1111111111 81111111111111 18. Octobr.
1 111. 106-109.

0111111111 1111111111 111 (11111111111111 1 1111111411 111111 nostro 111111

nis 11 111111 apost. 18. Octobr.
1111. 8111111111111 3-8. 111111111111111111111 11111111 evangellum, (1110111111
ro, 11111111 1111 81111111111111 1111111111 111 s. cxxx„

95

 

