Kone Fnssnnmx 111 111111.. 1551

11111111111111113) 1 1111111111, 1311111111 11111 11113 011111ῑί111 11’1 111- ΙΟῙ-ὁῐῖῗτ

e 111111131111, 11151111113111311 13 11111111 111 e] 11 1111 1111311

11111111, ipso 111 1. scolastice virginis.
1111111111. 1111113. 111. 109-10.

11111111111111, 11111311111111111 iUpsala, 1111111111 11113 Gustus, 151111·
Μ11111 0111 Magni 111 1111111 111 11 111111 11311 111 1111111111111

1111113 0111111111. - 11111111. Febr. 18111111
ι11, specimen vn 111111 1111111 111111111111111 11111111. 28.

1111111 11111 1111111111 1111111111 111111 111 11 131111 1111111111 i¹ 16-1111-

146), 111 11 111111 11111111111111111111 13 1111 givet disse 8111111

111. - Fredag 11111 Esto 111111. (1111113111.) ·
11111111 1 1111111. 1111 111, 3. S. 98.

11111111, 1111131111 8.15-16. [1111111111. 1111113. 1111. 699-100. 19. Febr.
1111111111. 1111113. 11111. 101. 111. 111111.

11111111 Lunna, Ridder‚ meddeler 111. 1111113111 om 111111111111113111 21· Febr.

Olus), 1111 har 60 111111 11331111 111 61111 111 1111131 11111.-

Peders 11111111 1111111111).
1111111111. 1111113. 111. 710-12.

1111111111 0111 1111111111111 11111111111111111111113111 1111111111 251111·
1311111 mod 1111113111, 111. 1111111113 111. 111111111111, 1111111111
vem 1111111111 have 11311 36111111. - Ex castro nostro 81111111ὴοὶ111,

· 11111.
somam. 1111113111. 112-13.

11 111 1111111111 111111 111 11111 111111, 111111 han 111111111111111111111 25. Febr.

1111111111,111111111 11111111111113. «- Helle, 25. Febr.
1111. 1 Paluda-unsset, (11111111111111. 21. ¹ ·

mg 1111111111 1’1 31111113 111 111.111111Β1111, 1111111111 111 8113111111, '‘W-2
1 1111111111111111 1111111118111, 1111111111181111 en, 13 1111 111 ’

- 111111111111.

1111111111. 8111111311 11. 85-36, 811113111111113111111111, 11111111111113111111111
178-79.

1111111 Lumen, 1111111, 11111111111111. 1111113111 111 11113 0111111111 1· 1111111- ’
11 111111311111, 111 111. 1111163111111111111111111111131110111111,

113 11111111111111.
11111111. 1111113. 111. 113-11.

1111, 1111111111111111111, 11111 111111111313Μ111 1511111, 1111111111, 111111111-
11111111, 1111111, 13 1111 1111111111, 1111111131 1 1131111, 11111111 111-
111 11 1111 111111111131 111 11 31111 11111 111 (11111111111111111
13 111 111 11111 11111 11111 11111 1111113131 111 1111 1111111 1
fe 111 11 111111 11111111111. - 01111, 1111111111111131111111111111.

1111.
1111111,111111,111.8111131111111. 1126-21. 111111111111. 1111111111. 11. 201ί-8-νῖῗ111. ὶ

 

