3111 emman 111 311111. 733 ’

Δ 1453.
3906 11 *5883 . 11. 11111.

*5881 1111 3111, Prior i 31111111, 11111 1111111111, 3111111 1111111111 18111111·
13 1111 1111111111, 31111111111111 1111111111, 11111111 31111113 111111 1111111111,
11111111, 31111 1111111131, 11111. 31111 11111111, 8131111111 1 11111111, 13 111. 1111111
1111111111, 311111 1 1111111111 13 311111111113111111 111111111111, 1111111 111 dem,
11 11 1111111111 1111111) (1111111 31111111 1 111113 111111 1111 1111131 og 811111111
113111111111, 13 11 11111 1111111 1111111131, 113111113111 1 111 111311 1113111 13
1111131 11 111 11311 Ρ111 11111111111 1111 11113111. - 3111111 1111111 1 31111111, then

1111113 111 1. 311111 apostoli 113.
311111113111111111111111, 113 1111111111 S. 120.

’58811 311301111111111131131131111131131111111111.11131111111111, 11111311 31. 111111.
dem 1111111 111811111111111, 11 111, 13 som 111111111 13111, 13 111111111111 1111113

311111131131111 3111313111. - In castro nostro 311111, die 1. 8111111111 pape.
’3111111111 11111134 111. 513-14. 1111. 1 1111111. 1111 111, 3. S. 52.

3907 1111864.

’5881 3113 3111111111 13 3111111111 Dum, 1111111111 1111111111, 111111 1111-

1111111 11111111111111111111 11131111111111 1111111 113 111, 11111111111111111 111 311111

13111 111111 111 1111111111 11111. -31111111111,
1111. 1 3111111111, 1111111. 111311 3111. S. 858 1111111113. V. 391.

’5888 3111113 11111 118111νί3 111111113111111111111 111 11111111313111111111

1111 311111111 1 3111111111 mod 11 111113 3111113111. 1311111111
311111111111111. 1. 111111113-11111.·111111. 1111111111. 11. 421

1453-1454. 1413-1414.

’5889 31111111 31111111 11 81111111 11113111111111111 1 8111111 11111111 311-
1131111 311111111 13 3111111181311 111 111 111 13111113111111111111111 1311111 11
Probus paa 1111 11111 8111 1113111111 1111111113111111111 31111111111 13 3111111311,

11111 11111111 113113111111113 1111 31111111. 111111.)
Scriptores 111. 8111111111. X. 111-16.

1454, 1454.

’5893 3113 3111111111 11111111 11 11111 81111 111 1111111 1 3111111111, 11 21111111.
3111 11111 111 11111111111, 11111 11 11111 3111111 13 11111 9111113111 1 31111111111

3111. - 11 ciuitate 111111 1111111111111, 111113. prox. 11111 1111111 1. Pauli 111111111111.

1111111111, 311111111113111111111111111 1. 181-88. 1111. 1 1111111111, 1111111113113111.
8. 819 1311111113. V. 42-43) 13 1 1111111111. 1111111111 V. 224.

*5891. Vidnesbyrd‚ 113111111311131111 11111311 11 1111811111 111111131111131 8. Febr·
11111111111111, 111 11311 11111 11 11131 1111 31. 311111 3111111111 111 01111111 111
1111 31111111113111 311111311111111, men 1111311 1113111, 1111111111 mange 1111111
ham, athan 11111 11111 dem 11 1111113 111111. - Α 81111111 1 1111111111, 1111113111

nent 11111 311111111111. (Novak.)
1111111111. 1111113. 11. 6113.

 

