1042 Kone 0111111111 1111111111.

.—.—-—-.-—--.-———--.--——-—-—--— ----.-. -. - --·---—..-.-

21ι1ῗ131ΐ11- ’10912 011111 0111111111 1111111101. 1111111111 1111111, 8111111111 1111111111,

11111111 1101111 8111 1111111111. - 11111 1111 1111111. 1111111111
0111111. 1 111 1111111111. 8111111111 111. 511.

21· necbr. *13‚973. 111110111111111111.11111111111111111111111111101111111111119111111· 1
1111111 med 011101111111111, 11111111 111 11101111 11111111 0111111111 ikke 1111 1111111 “
1111101111111; han 1111111 1111111111 1111111111 1111111111 111 1111 11 4000 011111. - 3

111111νεὶ1111, 111 Tage Thome. (111111 “
1111111. 11 011. 1 Waltz, 11111111 111111 1111111 0101111111 11. 317-78. ’

21111111· *13,974. 28 11111111 1111111111, 111 1111111111111101111, 1111111111111111111
1111111 11011111111101111111 111 111111 11111011111 til 111 1111111 1111111 1111111111

11 1111 1 0111111.1 - 11111, Nye 1111 111111.
11111111-1111011, 0111111 11111 11. 410-11. 01101111111111111. 11111111. S. 411. 1111, ,

21111111. ¹13,975. 111110111111111111111101111 0111111111111,01111111111 111 1111111111, .1
111 0111111 Christiane Forlig med 1111111111 11 ’111 111 1111111 med 9000 0111111 11
3000 11111111 1111111 1111111111 1111111 ham 111 11 1111 sine 8111111 11111111111111 8111111111
111111 111 1111111111 2000111111111111, som 011111011111111 1111 11111 11 11111011111. 1

-·- (1111111111, 11124. December.) (811111.)
vundan-uellet, 1111111111 111 0111111111 1. 258-10.

11111111. *13‚976. 1111111 01111111111111111111011111 0111111 111011111111111, 11 1111111
111111 111 01111111, 11 11111111101111111 11 1111 1118111111111111111 111111; han 111111
11110111 01111111111 0111111111 1 Fyn, 1111 1111111101. 11111111 (Meyer) 1111111·

vinde 8111111111. - 1111111111ηά1, 111 0111111111111111. (1111111111.)
1111111111111111, 1111111111111 01111111111 1. 260-112.

Post *13,977. 11111 1111111111 5111111111 11 0111111111101111111 111 0111111111, 11111111
21111111- med Fuldmegt 111 ,91111111 11 01111111 1 0111 11111111111 Adel, 111111101. 111111 1111111,
111111101111111111, og de 11111 1111 1111111 1181111111 111111 1111111 Adel i Lejren

111 91111111 0111111111 1111111111) 111 111 1111111111111101111111111011111; de 111111

11111 1111111 11111111111111111111 1111 1111111111 111111111111111111 11 1111111111 111111

11 11111111 811111 11101111, 111 11111 1111111111111. - 1111111111 Wardberq, uden [111.
” 1111111-1111111, 01111111 111111 11. 471-12.

27.1)eehr. ‘13,978. 111119111111111 ΙΙΙ. 11111111 11 8111111111 11111 11111111 11 11111111111
0111111111, 11 111 11 11111 hans 011111, 11111111111111111111111111111111111. - Gouorp,

8111111 nach der Geburt Christi. (Tydsm
1111111. 11 011. 1 Waltz, 11111111 11111 1111111 Wullenwever 11. 379,

11111111. '13,979. 11111 0111111111 ΙΙΙ. 111111 11 811111111 111011111011111 111111111111111
sin Misfornejelse med, 11 111 111 1111111111 1111111111 1111111111 11 1111111 11111. -

0111111, am ’1111111111111 in Weihnechten.
Tydsk Udt. 1 Waltz, 11111111 11111 11111111 0111111111111. 379.

1111111. ·13,980. 11111111 1111111111 011111 0111111 11 0110111111, 11 011101111111111 1111
111 111 11 1111111111, men 1111111 0111111111 11 11 11111 1111111111 end Flensborg;

01111111 ber 111111 111, 11 01111111111111. — 1111111 Iohannis evangel.
1111111111 Waltz, 11111111 111111 1111111 0101111111 11. 379-80.

28, 111111, 8292, 0111111111. 1111111. 1111. 700-’Ὶ 1.

 

