3111111· ’133811 881881 8181 V. 8818181 818 18888881881 1 81881113 81 8818118118 18
8181818 0888111181 1 81881113 om, 81888 881 88811 088881181 111 81811881 883888818 181
118181181818183188188 18811881 1188388 83 »888118 8181188 18 0888888811. - Palam,

le 1811181 jour de 1811181. 18188811
ch. 818188, 11811818 11181 18 881118811801881811811. 189-31.

1888. 8260, 1118181. 1 11188, 8181811181811881 118 0188818818 S. 149-50.

1⁰¹¹0· ' ’13388 [11188118880181888188811881181881181818388118311181811181111881-
188881388388881818888808118381881 8113881881 08818811 83 818113, 81811 8881888888,

81 1181111388 18811888 881183818818181 81118 888381 818113. - 0188 Datum. 1818111181.)
11118188-81881, 1118111181 8101818181188 1. 881-81, 11181 081818 881188 1888318181188

8118111834.
suno. ’13389 811881 111 88 01818881881118811818 11181111 83881183 1111181111 81111881-
1888813 883888818 188888 0811838188 1 811388 8181 08818811 83 818113. - 8188 081818.

1188181.
111181881111181, 1118111181111 0181818118111. 885-90, 8181081818 881188 111 18111531).
-.8811811118811818881181 1118111188 l. 11188818 1811118381 111 881183 11818811
2. 818181388881 111011188183 818 81 881811 118811 1 11888 8811118381, 8111181 81881-
tugen· [1818188811818 83 88818181 811888818188. 3. 08 81 18118818 88818881 881-
18388 1811888818 8888381881 8838118818 1118188118 81888. 11111183 111 ι8811113888
1811118381 pun 8181138 111888,
· 18118. ’13390 88111181 1811111 18181811 8188888888 Memoria! 181 08188811 von 1111188,
818181181 18888 318188, men 188 8818 188 8388 88881, 1888 sende 0118 8113111888 111
. 08881811 18181181888118 8181181818 81118 83 88118 818 88111181888 1188381813; 1818·

18813111 11881118 818118118881 81181 0181 8811818881. - 11188 Datum. 11111811
1111. 1 818111, 188811 88181 1111388 8188888818111. 297-98.
011118 ’13391Ι 8111111188 118 88 11118111 1118811118118888 81818111 818888888, 81818881
881111811818 Elisabeth 8181881888813 81 818188 188381181881818181818818, 81 1118881
181 11188118811118188 08888118 81888, 88381181 81181 18181 8181888 83 0181 (1888188818

18118 81 1881118 181 888188 818181, 8883 christiam 1’1.; 188888 883 88118 8811118188 1

881838 813. - 8111881811, 81118888 8888
’11181 1111. 1 Waltz, 1118881 88181 111388 8811888818111. 299.

1. 183888, 8261, 1881, (1811881881. 188 11818818 11811 V. 11. 100—12.
1· 1118888. ’ ’13398 0181088181811118101188881388181, 8111118188 83 88111818 81811888

(i S. 88818 8188181 1 018888) 818118 88881888 01818 118118, 1811888181) 81818113, 111 1

18188 18118 818181 83 1118181811 818. - Die beati Petri 81 vincula.
1111. 1 888818 8838118 ΙΙ. 68.

1Ι 1181111. ’13393 11883 0118111 88181181181181188818 81381881 om, 81 888 har sendt sin
118818 111 81811 18181 1888818188, 83 81 188 111 18818 18 088818 i Cimbrishamn. -

8818181818, 118 Petri 81 vincula. (333331 ,

11818188-11111181, 1118111181 11181818181188 1. 135—36, 8181 181 18811888, at ntem
8188 1818 8118181188 31. 1811. ·

1. Augusti. *13,794. 8883 088111 1111881181 181 81888818 81381881, 81888 81181 81 8818 1881- 1

18381 8881181818388 818 81888818188 0181311888 1181 31181 818 818818 88188181183 83
1 818181181 81188 88 888181 81811) 111 18818; 888 111881811811118 813118 sig 1 „032⁰

8881111881111·88188,18188881811 81818111 dem. - (11818181,188 l. August) (ΜΝ,
9818118-11111181, 1118111181111 8181818188 Ι. 136-37.

 

