1111 1111111111 111 Fossis. 1515

=7691), 1111 15111. 11533111.

11111111111111111111 111 8111113311, 111 ’111111111111 111Τ11111111111, 15· 111111111-
111111, 11111111 1111111111 18111111111131 11111111 81111 111 Vrop
111111131111111111 11111 11 11131111 1529 1Ν1.·12,6151. - [1311111311

13 1111111111.

1111111111. 111113. 111. 673.

1113111111 1111313111 111111 1111111111 1131111111 111111111111, wingisus).
1110111113111111111111111 111113 ham, 11111 11111 1111111111 11111 111
11111111111111111 1111 1111131111111111 11311 hadde och 11 wi 1111111

11111111. - Pa 11111 31111 1111113, 11111111311111111111111. 1811111111
11111111, Baius-Laius Bsskriiu. S. ssi-48.

111 111111, 111111111111 111111311111, 1111111111111111111113) 01111111 1111111111
1 11111111 Gyiden, 1131111111 111111111113 13 111111 11111111 1529.-

311111111111 1111 1111 113 assumptionis.
11111111. 1111113. vu. ise-27.

113 11111111. 11111111 [11111111111111 3111111, 1111 13 181111111, 111-11111111·
1111131111111111 11 1111 11111 Korn, 111113 13 1111111111 111111111113
1111311111111 111 111111113111, 113 113111111331 liele 11111 31111111
111111 111111 1111111 1111 hands. —- Fisnnsborci, 111 11311311111

1111113111.)
11111, [11111111111111 111111113111111, 1311-31.

1111111111 1111111111 1111311111 1111111111111113 (111111111111. 111, 11111 19. Augusti.
11811111 13111. Thure 1111111 14 11131 1111111111 113 1111111111,
11111311111111311 vil 1111 med dem; 111 1111111 111 11311111113111111
,111 13 11 1111111 1111111311 11111111113, 13 111 1111111111311
1111111 1311111111; 111 11111 ham 11111111 11 111111, 11 11 11
1111 1111111 1 Siara 13 1111113113 11111 11111111111. - 11111111, xix.

18111111.)
, 1111113 111 Chr. 11111111. sss-83.

11 111 1311111 011111111111 1 1111111, 111111111111111111111, 111 20. Augusti.
sandi 11111 111 1111111111, 11111111 1111111111110311111111 1111
11 1 11311311111111311 coadjutor, 1111131111111111111. - Wsnden

,3 111 1111111 11131111. (Tydei.)
11111 11111111111111 V. 191--201,

11113 11411111111311 13 2 1111111131111111 Γ1111111111 1111113111111, 20. 1111111·

1 11111111111113111111. - 1111311111, 120, Augusti,
11111111 111311111518.

11 6111111111111111 1111111 11113 1111111111 ΙΙ., 11111111111- 21. Augusti.
11 111 11111113111111, 1311111 1111111 1111 1111111 11 111111111111
13111 Pensi0n3 1111111 1111111111 111 1111111111 11111 11111111

ι. - Then xxi. 113 Augusti, 11111 111.
Breve og 11111. 111 (11111113111111111. 1. sos-607.

111· ’

 

 

