111111 Η1111. 945

rs 1111 11111111 [111111111111111 1110111113 1111111111 have 1111111311 11ἓοῖΐῖ

1111, 0111111111 1 8111113, 111 111113 Hans' 1113111 2000 Μ111 som
1111111 1111111 111111. - 11111, 111 1111111111 1131111111111111111111.

nanu, 11111111111.1111111111111 u. Prlvat-Reehts 1.11111131111118111113ι11131Ἓ81ι1Υ4ᾱ-811)

13 111111 1111111111111111 11111, 11111 1111 sine 13111 13111 11111111 11111.
181111111, 0111111111 1 8111113 1111111111 81111111111, 111 at 1111111331

1111113 hos det. - Hadersleve, 111 dage 13111111 11131111. 1111113111.)
11111111, 1111111111111. 514.

13 [1111111111 Μ111111Ν111111, sin Raad, 11 1113111 113 11181111111111311, 9. Febr.
11 111 11111111 1111111. 11111 1111111 13111111 8111131 111311 1111111

- Em monasterio 1111111111, 11 profesto beate 8111111111.
111 11131111 11111111 111. 111. ’

1180. 11. mr.

1131111111, 11 111111 11111111 111111. 111111 0111111111 1113111111 1111 11111.
11 11111,·11111111 0111 11311, 1111Η1. 1111101111111 1111311 Chrestenn
1111113 har 11131 111. 11111111 (11311 11113111, 111 11 mode 1 1111111111

- 1111111111111111, 1111113 1111111 1111111111.
. 1 111111, 111111111111111 1111111111 13 1111111111 1111111111 11111 111. 126.

s 1111111111 1111111111, Vaebner, 311111111111 (11111 1111111 1111111 11111111.
113 111111. (1111111111111111111, Prior i 111, 11140111111 1131111113

111 111131. - 111112. dominice 1111111111.
1111111 mplomatarlum, 113. 1111111111 S. 89-90.

mus 1111111111 1111111, 1183111101111111111 111111 111111, 111111 1111 25. 1111111.
1 111. 1111111111 8111111 13111, 1111113111 11111 1111111 13 1111111111 111

111, 111 111. Μ1111111 8111111 1111131111 111, 13 11 113111111111111111 ’

siden 111113 111111 3111111111311111 paa 1111111111 131111, 111111 11

1 nu 111 31111113 11 (1111111111 Ρ11111111111, 111311. -1111, then 111111311

11111, 11111. 1111. 1111111 1. 39-10.

11 Sum 13 1111111111 811111, 11111111, 13 11111111 01111111 011111, 1. 1111111.
1111111111, 111111131 1111311111 1111111813, 1111111111 13 1111113111,
ι 11 1111111111 1111111111 steens 8111 1111111113111, 111111 1111111 11111

11 hans Fader. -’ Acus, 11111111311 11111111 11111111113.
11111, 11111. 1111. 1111111 1. 233-34.

13 111111* 11111111111131 11111 1 111 813 11111111 11111111 11111113 1113111111 1111111111.
111111, 11111 13 Μ11131111 1 1111111111, 111111111111111111, som 11111-
31111 3111111. 1111111111 13111 11111111 1131111111, 11 813 om en 113111
11111 1111111111, 111111 11111311 1111 1111111111 1111111311, 13 1111113
s ssyens 81111, Forte 131131131111111111111111111, som 111111 11111
11 ’111 13 1111111. - 11111111 3111111 11111111, 111111131111111111

11111, 11111. 1111. Anthus 1. 41-11.
“ ¹¹ 119

 

